L_IMU_Ang,R_IMU_Ang,L_IMU_Vel,R_IMU_Vel,L_Cmd,R_Cmd,L_Ref_Ang,R_Ref_Ang,L_Ref_Vel,R_Ref_Vel,Peak,Time
0,0,0,0,1.002342667579651e-05,5.256047636270523e-06,0.01002342667579651,0.005256047636270523,0.0,0.0,1.002342667579651e-05,2.384185791015625e-06
0,0,0,0,2.4024168197383883e-05,1.605206459402442e-05,0.024024168197383882,0.016052064594024418,0.0,0.0,2.4024168197383883e-05,0.012675285339355469
0,0,0,0,2.964628936146313e-05,2.772676363624627e-05,0.02964628936146313,0.027726763636246272,0.0,0.0,2.964628936146313e-05,0.02170419692993164
0,0,0,0,3.220189621502331e-05,3.590084845774672e-05,0.032201896215023305,0.03590084845774672,0.0,0.0,3.590084845774672e-05,0.03190040588378906
-1.101396200503558,1.5793087663080883,0.9887846189059246,-0.6958113984893544,-0.0028533040046072903,0.0020684816222217677,0.03394708259800921,0.03671233863285333,0.0721812771801325,-0.05079423208972286,0.0020684816222217677,0.042159318923950195
-1.0409704737926404,1.5738155184252776,1.4770733196002084,-0.6958113984893544,-0.009615232125766636,0.005822544915359845,0.035194327273690255,0.03484693412846427,0.24126066132600815,-0.14469244953078453,0.005822544915359845,0.05262494087219238
-0.95857175555048,1.5738155184252776,2.0141908903639205,-0.5493247882810692,-0.018333159129562147,0.008571650905454456,0.034804370603497566,0.03558746427160826,0.4591990875041412,-0.21340158602957118,0.008571650905454456,0.06243538856506348
-0.8816662851911303,1.5738155184252776,2.4292362859540617,-0.4028381780727841,-0.028458720072489185,0.010019576766558479,0.034183882128541856,0.03856453857397398,0.7123225988654431,-0.24952530569961262,0.010019576766558479,0.07205986976623535
-0.8816662851911303,1.5188830395971706,2.8198672465094887,-0.4516670481422125,-0.039302025594539026,0.01091560209926065,0.03445399042088294,0.04051528092822232,0.9834119896239977,-0.27187717045831067,0.01091560209926065,0.08249735832214355
-1.029983978027019,1.5188830395971706,2.4048218509193475,-0.5004959182116409,-0.048275841102988486,0.011904573974690037,0.03449563982803896,0.04051042503681501,1.207758418570413,-0.2966015887413305,0.011904573974690037,0.09270787239074707
-1.0354772259098297,1.4914168001831172,2.1118486305027773,-0.524910353246355,-0.05360773281645183,0.012897589455239162,0.0340541140649521,0.04022277798384923,1.3410446732629193,-0.3214341669313829,0.012897589455239162,0.10288810729980469
-1.0354772259098297,1.441977569237821,1.818875410086207,-0.646982528419926,-0.05615626343816975,0.014103699028503915,0.033121662311186816,0.04092676488036119,1.4047346275120236,-0.3515693065905889,0.014103699028503915,0.11226344108581543
-0.8267338063630234,1.441977569237821,2.4048218509193475,-0.7934691386282111,-0.058879383597277415,0.015841166142907613,0.0323452857336719,0.042010562101848455,1.472793222075277,-0.39497888952014404,0.015841166142907613,0.12218785285949707
-0.8267338063630234,1.3925383382925247,2.966353856717774,-0.8422980086976395,-0.06423154371312433,0.017807920031883424,0.03196154985336765,0.04229361315585075,1.6065876315744423,-0.4441406604681894,0.017807920031883424,0.13237905502319336
-0.5246051728084353,1.3925383382925247,3.3081559472037725,-0.8911268787670679,-0.07108720725838992,0.019674393655346355,0.0315364929214019,0.041754838047300374,1.777968593782783,-0.49081597043247643,0.019674393655346355,0.14217519760131836
-0.5246051728084353,1.3925383382925247,3.6011291676203427,-1.0620279240100672,-0.0784053986315231,0.021802346459799116,0.030795129877266587,0.04146051366301245,1.960904844035009,-0.5440221486534026,0.021802346459799116,0.15299415588378906
-0.5246051728084353,1.3650720988784713,3.7964446478980562,-1.2817578393224949,-0.08565049654227233,0.024641538796032928,0.029935213084704895,0.041959445038998545,2.1420107938839257,-0.6149894837748482,0.024641538796032928,0.16225361824035645
-0.5246051728084353,1.2936598764019323,3.8208590829327704,-1.6235599298084935,-0.0920087265263091,0.028571095833892522,0.029377877744152882,0.042612675308589025,2.3009526101013313,-0.7132120789645984,0.028571095833892522,0.17209672927856445
-0.530098420691246,1.2936598764019323,3.0395971618219164,-2.0141908903639205,-0.09472275830641903,0.0339085267966539,0.029230073321059202,0.04256904433858598,2.3687997094935023,-0.8466489438078828,0.0339085267966539,0.1826467514038086
-0.530098420691246,1.2112611581597719,2.355992980849919,-2.4048218509193475,-0.09224224996193772,0.040561610685879004,0.029121767266007084,0.04189384105175459,2.306784293230093,-1.0129929211206812,0.040561610685879004,0.19211339950561523
-0.5355916685740567,1.2112611581597719,2.233920805676348,-2.624551766231775,-0.08726395431562754,0.04780363342774495,0.028655227897379655,0.04154562711567143,2.182315238588123,-1.194052195015732,0.04780363342774495,0.20216584205627441
-0.5355916685740567,1.189288166628529,2.9175249866483455,-2.575722896162347,-0.08417181188140382,0.05422604482562562,0.028000983774875268,0.041908422439729955,2.1049953216294672,-1.3546034100796471,0.05422604482562562,0.21211624145507812
-0.5355916685740567,1.2112611581597719,3.503471427481486,-2.5513084611276327,-0.08477464112204264,0.059199530916650776,0.027602945073052255,0.04220600314290546,2.1200561016778923,-1.478933122837697,0.059199530916650776,0.22220206260681152
-0.3982604715037894,1.2112611581597719,4.455634393835339,-2.47806515602349,-0.08931416194495362,0.06283602637249655,0.027485738353352773,0.041627040552401136,2.2335411920826744,-1.5698599832986035,0.06283602637249655,0.23208975791931152
-0.3982604715037894,1.2112611581597719,4.553292133974196,-2.4292362859540617,-0.09576562500427138,0.06523947245339964,0.027224708325119546,0.04046780850159986,2.3948212428149125,-1.629975116122451,0.06523947245339964,0.2421736717224121
-0.2609292744335221,1.2112611581597719,4.650949874113053,-2.331578545815205,-0.10131977755589701,0.06650620595557313,0.02650433890732077,0.03976334023630035,2.533657047370108,-1.6616610653834207,0.06650620595557313,0.25211644172668457
-0.2609292744335221,1.3211261158159857,4.846265354390766,-2.1362630655374915,-0.10636197123289966,0.06636762150238165,0.025574341923326884,0.03970735449378861,2.6596886393705748,-1.6581978536971966,0.06650620595557313,0.2621893882751465
-0.2609292744335221,1.3540856031128499,5.017166399633766,-1.9653620202944921,-0.11115262927297873,0.06481480823430524,0.024880364807173084,0.03936703279941016,2.7794377409446476,-1.619386030037646,0.06650620595557313,0.2721257209777832
-0.14007782101168686,1.3540856031128499,5.090409704737908,-1.7700465400167786,-0.11534555885179305,0.0620618036770343,0.024484292175309324,0.03794680016211947,2.8842510785992093,-1.5505964219218047,0.06650620595557313,0.28217339515686035
-0.09613183794920133,1.3540856031128499,4.797436484321338,-1.42824444953078,-0.11765088364798215,0.057800135315361614,0.023855773612553158,0.0359211296118566,2.9418684855398674,-1.444105354643744,0.06650620595557313,0.29212522506713867
-0.09613183794920133,1.387045090409714,5.212481879911479,-0.915541313801782,-0.11932983439487166,0.05134757640528888,0.022585802131749697,0.03438148059620026,2.983810504925085,-1.2828298731173169,0.06650620595557313,0.302382230758667
-0.09613183794920133,1.4145113298237675,5.6519417105363345,-0.32959487296864154,-0.12260294796039557,0.04234633112659933,0.02109633634868424,0.03323108842275041,3.065601107418606,-1.0578275009544145,0.06650620595557313,0.3120896816253662
-0.09613183794920133,1.4145113298237675,5.432211795223907,0.2319371328297848,-0.12536571329507684,0.031074190264490237,0.019804254336261165,0.0314303832611969,3.1346379387353274,-0.776068997030726,0.06650620595557313,0.3221735954284668
-0.1126115815976334,1.4145113298237675,5.2613107499809075,0.5493247882810692,-0.12589530983903274,0.018708294283156617,0.018519264141212296,0.028712520172384882,3.1478457275793486,-0.4669895440746058,0.06650620595557313,0.3321046829223633
-0.1181048294804441,1.441977569237821,5.065995269703194,0.8422980086976395,-0.12458629241386213,0.006261202848403431,0.01688927279104721,0.02600297344263421,3.115079542166329,-0.15587999687401993,0.06650620595557313,0.34223008155822754
-0.13458457312887617,1.4639505607690637,4.406805523765911,1.1352712291142097,-0.12028824507545958,-0.006114834495896459,0.01503989291879965,0.023969406248613042,3.0075821242094594,0.15347009755362678,0.06650620595557313,0.3523101806640625
-0.15106431677730825,1.4639505607690637,3.7232013427939137,1.4038300144960658,-0.11203473231723789,-0.018291166374867003,0.013384530160827041,0.022184188773799768,2.801202921184968,0.45783376409102006,0.06650620595557313,0.36223745346069336
-0.15106431677730825,1.4474708171206316,3.0151827267872022,1.6235599298084935,-0.10030559584684384,-0.030016586151697545,0.011978698587626811,0.020124293454045247,2.5079393636357867,0.7509177611287897,0.06650620595557313,0.37236642837524414
-0.16754406042574033,1.4254978255893889,2.3804074158846333,1.6723887998779219,-0.08581519814919489,-0.04065069690894947,0.010615289551384535,0.017924956867164214,2.145645335968657,1.0167155466454159,0.06650620595557313,0.3821849822998047
-0.16754406042574033,1.3925383382925247,1.7456321049820644,1.6723887998779219,-0.06926006980243174,-0.04965231229557696,0.00920068551061024,0.015927994970428027,1.7317317621985588,1.2417060072636847,0.06650620595557313,0.39663076400756836
-0.16754406042574033,1.3485923552300392,1.2085145342183523,1.5747310597390651,-0.05131757609999621,-0.056782389260997254,0.007842851515304929,0.014089203309205609,1.2831354737877878,1.4199119616076614,0.06650620595557313,0.4037172794342041
-0.16754406042574033,1.3485923552300392,1.0864423590447814,1.4770733196002084,-0.03378581609229333,-0.06198974819302115,0.006635399582420064,0.012256661528319019,0.8448112872968938,1.5500501213637368,0.06650620595557313,0.4126017093658447
-0.14557106889449756,1.3485923552300392,1.037613488975353,1.2329289692530665,-0.018127109228543506,-0.06509840905818493,0.005545220742471574,0.010562755351964201,0.4533163612321494,1.6277242953384223,0.06650620595557313,0.42248034477233887
-0.12909132524606548,1.2771801327535002,1.0131990539406388,1.0131990539406388,-0.00443947195333937,-0.06604077794119455,0.004549791495511019,0.00924215131310018,0.11110054362087203,1.6512505023126915,0.06650620595557313,0.43210530281066895
-0.1181048294804441,1.2771801327535002,1.0131990539406388,0.7690547035934969,0.007346890130229128,-0.06512767460265423,0.0037184122943702265,0.008306858687640264,-0.18357929294836892,1.6283995365335466,0.06650620595557313,0.4424560070037842
-0.1126115815976334,1.2552071412222574,0.915541313801782,0.5737392233157834,0.01765849949044739,-0.0627062721423857,0.0031126792042655725,0.0075583206155089774,-0.4413846702810781,1.56784576157503,0.06650620595557313,0.4529705047607422
-0.1126115815976334,1.2002746623941505,0.8667124437323537,0.30518043793392735,0.02679638635850256,-0.05893875673296341,0.0027003617184056315,0.006875639082584312,-0.6698421499196039,1.4736408093011497,0.06650620595557313,0.46221160888671875
-0.10711833371482271,1.2002746623941505,0.8667124437323537,0.03662165255207128,0.034596326029726183,-0.05382831463209857,0.0024036709510095212,0.006315465786289318,-0.8648480589693793,1.3458657524471214,0.06650620595557313,0.4721047878265381
-0.09063859006639063,1.156328679331665,0.8911268787670679,-0.256351567864499,0.040996742980892356,-0.04752760955897915,0.00219546861527837,0.005949574074913123,-1.0248636878069268,1.1883389783263516,0.06650620595557313,0.482180118560791
-0.07965209430076925,1.156328679331665,0.9399557488364962,-0.4516670481422125,0.04602407378430058,-0.04045883801285495,0.0020927906391586346,0.005738827878033183,-1.1505495248415356,1.0116144210183247,0.06650620595557313,0.49248647689819336
-0.05218585488671579,1.172808422980097,0.9887846189059246,-0.4516670481422125,0.04977971150025699,-0.03362850546013384,0.002081066815795786,0.00557722969275971,-1.24444076083603,0.840852067245665,0.06650620595557313,0.5021741390228271
-0.024719615472662326,1.2112611581597719,1.0620279240100672,-0.1831082627603564,0.0523571963109561,-0.02839398336041839,0.0020934098897430527,0.005378473640038106,-1.3088775725266588,0.7099840458514607,0.06650620595557313,0.5123302936553955
-0.002746623941419557,1.2112611581597719,1.1108567940794956,0.1831082627603564,0.05391417894429161,-0.02562063774477207,0.0020606260892924995,0.005096424122947196,-1.347802957955058,0.6406433542223754,0.06650620595557313,0.5222907066345215
-0.002746623941419557,1.2112611581597719,1.159685664148924,0.5493247882810692,0.05466223198547389,-0.02524983835560087,0.0019440514513185373,0.004703395590120187,-1.3665071983505641,0.6313635437797748,0.06650620595557313,0.5326268672943115
-0.002746623941419557,1.3430991073472285,1.1108567940794956,0.8178835736629253,0.055000397824590076,-0.026647971935232256,0.001729805332556076,0.00417830020168226,-1.3749667004814379,0.6663037558858484,0.06650620595557313,0.5426206588745117
0.0411993591210944,1.3430991073472285,0.9887846189059246,1.0131990539406388,0.0554856425327509,-0.029050234608638252,0.0014257046905756894,0.003539062618645332,-1.387105420701508,0.7263443417814224,0.06650620595557313,0.5538029670715332
0.09613183794920133,1.3430991073472285,1.0131990539406388,1.2085145342183523,0.05587995643126363,-0.03208299041731557,0.001034956953695466,0.0028564801076547443,-1.3969730368577484,0.8021461724355805,0.06650620595557313,0.5629003047943115
0.1181048294804441,1.3430991073472285,1.159685664148924,1.4038300144960658,0.05541024551756456,-0.035637515079085864,0.0005719251110867357,0.0021958076920383447,-1.3852418398113366,0.8909927721694475,0.06650620595557313,0.5723414421081543
0.12909132524606548,1.3540856031128499,1.306172274357209,1.5747310597390651,0.053848743102689244,-0.039546821463294274,8.913450427580853e-05,0.0015785014346656322,-1.3462163492046242,0.9887099991182234,0.06650620595557313,0.5823659896850586
0.14007782101168686,1.3760585946440926,1.42824444953078,1.818875410086207,0.0514346524497476,-0.04388020464627814,-0.00037540720963111484,0.001023015245986589,-1.2858756964239304,1.0970306915381032,0.06650620595557313,0.59234619140625
0.14557106889449756,1.4145113298237675,1.5014877546349226,2.0386053253986347,0.048519520143920025,-0.048694520260988486,-0.0008157958133881045,0.0005416399559788698,-1.2130083984933353,1.2173765475236116,0.06650620595557313,0.6024172306060791
0.15655756466011894,1.4145113298237675,1.4526588845654942,2.2583352407110624,0.04569153317467921,-0.05382184953414678,-0.001212400583454337,0.00010805565597152949,-1.1423186393815665,1.3455489397450688,0.06650620595557313,0.6129000186920166
0.16205081254292963,1.4145113298237675,1.2573434042877807,2.3071641107804908,0.043737747801933013,-0.05868932032156045,-0.001544245384899526,-0.0003102373327237249,-1.0934823011829478,1.467225252105693,0.06650620595557313,0.6224210262298584
0.15655756466011894,1.4145113298237675,1.037613488975353,2.18509193560692,0.04304039651565457,-0.062309992771426036,-0.0018173223087007138,-0.0006931580772990883,-1.0760553459490816,1.5577324903337184,0.06650620595557313,0.632343053817749
0.15655756466011894,1.4145113298237675,0.8422980086976395,2.063019760433349,0.043420003962817026,-0.06434676508769707,-0.0020357555508493217,-0.000978838413147762,-1.0855509929591969,1.6086446562320982,0.06650620595557313,0.6423885822296143
0.15655756466011894,1.4639505607690637,0.646982528419926,1.9165331502250638,0.044646082233452136,-0.06494821776801699,-0.0021879557401388574,-0.00116176066687349,-1.116206754729807,1.6236764001837525,0.06650620595557313,0.6524198055267334
0.15655756466011894,1.5353627832456027,0.4272526131074983,1.9165331502250638,0.046659681788669416,-0.06467695924860521,-0.00227891473663616,-0.0013084507394019995,-1.1665490175851514,1.6168912699466451,0.06650620595557313,0.6626138687133789
0.20599679560541517,1.5353627832456027,0.47608148317692667,1.940947585259778,0.04862189866027174,-0.06416088269699198,-0.002345379565137424,-0.0014650176336099218,-1.2156061009959218,1.6039854419839594,0.06650620595557313,0.6723141670227051
0.20599679560541517,1.6067750057221417,0.4272526131074983,1.940947585259778,0.05003039028837136,-0.06343855489444761,-0.0024066068919801984,-0.0016385685415319423,-1.2508199223815835,1.585922908147652,0.06650620595557313,0.6830987930297852
0.21698329137103656,1.6067750057221417,0.30518043793392735,1.9653620202944921,0.051457235646195386,-0.0625440357228236,-0.0024569120733091542,-0.001820692392251307,-1.2864923139567175,1.5635553757607838,0.06650620595557313,0.692629337310791
0.21149004348822587,1.6067750057221417,0.10986495765621385,2.0141908903639205,0.05331965182012486,-0.06164992416942141,-0.00249596876398819,-0.0019852472182926655,-1.3330536947222211,1.5411984730550778,0.06650620595557313,0.7022473812103271
0.21149004348822587,1.6067750057221417,-0.012207217517357094,2.0141908903639205,0.05554385298769595,-0.060689768307340373,-0.0025179547444300083,-0.002113972644385059,-1.3886592735610093,1.5171913583673997,0.06650620595557313,0.7121508121490479
0.21149004348822587,1.689173723964302,-0.10986495765621385,1.8432898451209212,0.05777967927592083,-0.059036881781612406,-0.002506974496783606,-0.002219664056646017,-1.44455465626044,1.4758665529388941,0.06650620595557313,0.7221965789794922
0.20599679560541517,1.689173723964302,-0.10986495765621385,1.6479743648432077,0.05965668689368786,-0.056231100075503325,-0.0024677881012706727,-0.0023015067740554435,-1.4914788670447283,1.4057199642182316,0.06650620595557313,0.7321670055389404
0.17303730830855102,1.6946669718471128,-0.2319371328297848,1.4770733196002084,0.061288186696266546,-0.05245602979822086,-0.002412123514013836,-0.0023299331928000764,-1.5322649704945137,1.3113424966257015,0.06650620595557313,0.742241621017456
0.14007782101168686,1.6946669718471128,-0.4028381780727841,1.306172274357209,0.06320006899126897,-0.04794513498244223,-0.0023297768776628287,-0.0023043737221547195,-1.5800599692036654,1.198570765218002,0.06650620595557313,0.7521588802337646
0.14007782101168686,1.6946669718471128,-0.5493247882810692,1.159685664148924,0.06541220973712163,-0.04290189510951102,-0.00221612761740175,-0.0022554548692982,-1.6353606466184756,1.0724909913660432,0.06650620595557313,0.7623775005340576
0.14007782101168686,1.6946669718471128,-0.6713969634546402,1.0131990539406388,0.06772604694935272,-0.037503029966218855,-0.0020835696448199144,-0.0022095271723584233,-1.6932032629749387,0.9375205109761624,0.06772604694935272,0.772153377532959
0.14007782101168686,1.689173723964302,-0.8178835736629253,0.7934691386282111,0.07011400888744933,-0.03161625060538881,-0.0019437122109656681,-0.0021684253174342302,-1.7528988149915072,0.7903520545017844,0.07011400888744933,0.7822363376617432
0.14557106889449756,1.689173723964302,-1.1108567940794956,0.5493247882810692,0.07305118257230561,-0.025059946841535223,-0.0017938325751783069,-0.00211811617083721,-1.8263244101220195,0.6264457181341097,0.07305118257230561,0.7921550273895264
0.1785305561913617,1.67269398031587,-1.4038300144960658,0.2319371328297848,0.076869033409297,-0.01768268117266663,-0.001627264628526097,-0.0020400378883868074,-1.9217665168481384,0.442016028369456,0.076869033409297,0.8022539615631104
0.1785305561913617,1.601281757839331,-1.696803234912636,-0.1831082627603564,0.08141808571896945,-0.009145753471885704,-0.0014340626733910615,-0.001916293509327681,-2.035487994541071,0.22859592945940937,0.08141808571896945,0.8127529621124268
0.1785305561913617,1.601281757839331,-1.7944609750514928,-0.5981536583504976,0.08599633736527365,0.0006198803408391995,-0.0011980262933641867,-0.001722954674753815,-2.1499383847891753,-0.015540082387848833,0.08599633736527365,0.8222332000732422
0.1840238040741724,1.5683222705424669,-1.8677042801556354,-0.9643701838712104,0.08993275703021889,0.011238694719148505,-0.0009061012403083619,-0.001437276633542795,-2.2483415782864795,-0.2810032998945512,0.08993275703021889,0.832158088684082
0.1895170519569831,1.5683222705424669,-1.9897764553292063,-1.1352712291142097,0.09337063929749098,0.021814911866825132,-0.0005565917980274525,-0.0010680725091373087,-2.334279897232225,-0.5453994984833567,0.09337063929749098,0.8466043472290039
0.17303730830855102,1.5683222705424669,-2.1606775005722056,-1.2817578393224949,0.09664897974248018,0.031654926381627084,-0.00015310149655048494,-0.0006693505465420386,-2.4162283210994184,-0.7913898933043407,0.09664897974248018,0.8526599407196045
0.17303730830855102,1.5683222705424669,-2.1606775005722056,-1.42824444953078,0.09941656638847621,0.04074069291040125,0.0002867700329991388,-0.00029469752591576175,-2.4854069904610805,-1.018524690198179,0.09941656638847621,0.8622620105743408
0.17303730830855102,1.4309910734721996,-2.1118486305027773,-1.8677042801556354,0.10109107099733076,0.04998777804137516,0.0007411573198574817,6.905697772873013e-05,-2.5272582460002724,-1.2496927246099356,0.10109107099733076,0.8722138404846191
0.013733119707040942,1.4309910734721996,-2.2583352407110624,-2.2827496757457766,0.10225049955334087,0.060106026385409385,0.001199632003615454,0.0004698122350999263,-2.5562324980334314,-1.502638914329357,0.10225049955334087,0.8822524547576904
0.013733119707040942,1.4309910734721996,-2.4048218509193475,-2.722209506370632,0.1035339574040454,0.070912714310595,0.0016704821982591678,0.0009294124510742401,-2.5883071730461786,-1.7727946224535982,0.1035339574040454,0.8922016620635986
-0.05767910276952648,1.4309910734721996,-2.624551766231775,-3.137254901960773,0.1051301803178093,0.08224796047926435,0.0021695223763117956,0.0014355251558365951,-2.6282002698858244,-2.0561631238527127,0.1051301803178093,0.9022748470306396
-0.05767910276952648,1.4309910734721996,-2.8931105516136313,-3.5523002975509144,0.10734121424066725,0.0939010208575466,0.0026967381521848344,0.0019851986399199695,-2.6834629375628767,-2.347475891472667,0.10734121424066725,0.9121904373168945
-0.05767910276952648,1.2552071412222574,-3.1616693369954874,-3.894102388036913,0.11020778766266559,0.10554758924540038,0.0032549212654827335,0.0025942303072238153,-2.7551133185350025,-2.6386248753773285,0.11020778766266559,0.9222657680511475
-0.05767910276952648,1.1783016708629077,-3.4302281223773434,-4.260318913557626,0.11361850750794092,0.11698194778875388,0.0038527744567818734,0.003222001385270026,-2.8403663683371034,-2.924468144684215,0.11698194778875388,0.9321649074554443
-0.1126115815976334,1.1783016708629077,-3.7232013427939137,-4.626535439078339,0.11754652632191157,0.12824337859355678,0.004493539091182083,0.003781836377269287,-2.938550819570509,-3.205989918929488,0.12824337859355678,0.9423997402191162
-0.1181048294804441,1.1068894483863687,-3.9429312581063414,-4.968337529564337,0.12175216819866493,0.13922384595527937,0.0051498478833403505,0.004242726209240209,-3.0436754587695396,-3.4804900807267534,0.13922384595527937,0.9521694183349609
-0.08514534218357994,1.1068894483863687,-4.065003433279912,-5.310139620050336,0.12567272068608587,0.1498326860251577,0.005770658418750798,0.0046428777674221424,-3.1416737506916776,-3.745701078684757,0.1498326860251577,0.9622800350189209
-0.08514534218357994,1.1068894483863687,-4.235904478522912,-5.6519417105363345,0.12918561126917044,0.1600657964038964,0.006334017811179125,0.005014751141270371,-3.2294819312839813,-4.001519541318878,0.1600657964038964,0.972210168838501
-0.08514534218357994,1.0684367132066939,-4.382391088731197,-5.969329365987619,0.13240228799603765,0.16985042118014343,0.006846133887666238,0.005357810909514972,-3.30988604655375,-4.246126584230848,0.16985042118014343,0.9822597503662109
