L_IMU_Ang,R_IMU_Ang,L_IMU_Vel,R_IMU_Vel,L_Cmd,R_Cmd,L_Ref_Ang,R_Ref_Ang,L_Ref_Vel,R_Ref_Vel,Peak,Time
-78.78141451132983,-76.52368963149462,-0.10986495765621385,-0.13427939269092803,0.00032886541482526823,0.00040371388488600257,0.008059738469123839,0.011618058228492737,-0.00802014190890361,-0.009802395666437745,0.00040371388488600257,1.9073486328125e-06
-78.7704280155642,-76.52368963149462,-0.10986495765621385,-0.13427939269092803,0.0009267063411535131,0.0011535059419623948,0.0128592914854002,0.036581770145812036,-0.022846176241702824,-0.027923104295414565,0.0011535059419623948,0.010493278503417969
-78.7704280155642,-76.52918287937743,-0.08545052262149966,-0.15869382772564222,0.0013462816085774837,0.0018476625596418861,0.002234231038158624,0.046515430868565195,-0.03360118443848313,-0.045028678219333027,0.0018476625596418861,0.019244909286499023
-78.7704280155642,-76.53467612726024,-0.06103608758678547,-0.2319371328297848,0.0015327875860444839,0.0026692374331034894,-0.02872133035044659,0.008441184796209611,-0.03903772290987326,-0.066519906207682,0.0026692374331034894,0.029092788696289062
-78.7704280155642,-76.53467612726024,-0.06103608758678547,-0.32959487296864154,0.00158546487942854,0.0037920212154417946,-0.0818994879614249,-0.08739801860330759,-0.04168410918474912,-0.09698548085112756,0.0037920212154417946,0.03920459747314453
-78.78141451132983,-76.53467612726024,-0.03662165255207128,-0.4028381780727841,0.001554860847184905,0.005153652342138134,-0.12245400657790875,-0.24428703034795152,-0.041932871344070345,-0.13494848431215214,0.005153652342138134,0.04908919334411621
-78.78690775921264,-76.53467612726024,-0.03662165255207128,-0.47608148317692667,0.0014856756526998027,0.006634397625262782,-0.1196225294770005,-0.45856203272526685,-0.04013245455442008,-0.17732399144970123,0.006634397625262782,0.05920267105102539
-78.78690775921264,-76.6170748455024,-0.012207217517357094,-0.7446402685587827,0.0014021533693603003,0.008800452616001288,-0.06151608331155326,-0.6992746939341719,-0.03659173631679634,-0.23749318274838646,0.008800452616001288,0.06914329528808594
-78.78690775921264,-76.6170748455024,-0.012207217517357094,-0.9887846189059246,0.0013156822598301607,0.012064070914809362,0.05231823731954519,-0.9361213027784109,-0.03158410056276539,-0.3250048054396943,0.012064070914809362,0.07931351661682129
-78.78690775921264,-76.715953307393,-0.012207217517357094,-1.4038300144960658,0.0012667449027140949,0.016685834558436457,0.18141025022800114,-1.1574377377172895,-0.02713336631215234,-0.4460818074038437,0.016685834558436457,0.08911490440368652
-78.78141451132983,-76.715953307393,-0.012207217517357094,-1.7944609750514928,0.0011837331468922468,0.02287083051226769,0.2564227199327706,-1.363353441305472,-0.023182760673986905,-0.605854598839329,0.02287083051226769,0.09950971603393555
-78.78141451132983,-76.715953307393,0.012207217517357094,-2.209506370641634,0.0009675706376476318,0.030365385750350866,0.2516190593600822,-1.5465627980246284,-0.01789878945718874,-0.7977987137093872,0.030365385750350866,0.10915541648864746
-78.78141451132983,-76.75989929045548,0.03662165255207128,-2.600137331197061,0.0006360306956570434,0.03895115080449092,0.24711874430349862,-1.6954357272342269,-0.009722798783838619,-1.0161646632931287,0.03895115080449092,0.11916565895080566
-78.78141451132983,-76.75989929045548,0.03662165255207128,-3.0151827267872022,0.00038512509477122065,0.048428121520721665,0.3489668548158193,-1.8077380466029966,-0.0009039559988850332,-1.2558964891831166,0.048428121520721665,0.12916302680969238
-78.78141451132983,-76.90272373540856,0.06103608758678547,-3.4058136873426292,0.0002112099539127574,0.058615457479139085,0.5478276794836304,-1.8868779202159087,0.008415443139271827,-1.5125583849838746,0.058615457479139085,0.1391587257385254
-78.75944151979859,-76.90272373540856,0.06103608758678547,-3.7232013427939137,-8.534796639240928e-06,0.06907034139079916,0.7159096338983487,-1.935242530736074,0.01811111076343974,-1.7751395980383808,0.06907034139079916,0.14915800094604492
-78.75944151979859,-76.99610894941634,0.06103608758678547,-4.0894178683146265,-0.0003393455886885544,0.0796258216276963,0.7123571861931512,-1.9561803535028748,0.02629256937204264,-2.0395500495299794,0.0796258216276963,0.15917086601257324
-78.75394827191577,-76.99610894941634,0.06103608758678547,-4.4800488288700535,-0.0007570515245294795,0.09042984577063451,0.5683782369946863,-1.9467685237693784,0.03313574403810415,-2.309415357360097,0.09042984577063451,0.17027735710144043
-78.75394827191577,-76.99610894941634,0.06103608758678547,-4.8706797894254805,-0.0010360565809976094,0.10146432340645122,0.5158735361294989,-1.9051826956852889,0.03879825292817771,-2.5842376525534125,0.10146432340645122,0.17933344841003418
-78.75394827191577,-77.05104142824445,0.06103608758678547,-5.065995269703194,-0.001081007209580861,0.11206476654446922,0.6558412456225214,-1.836199774322746,0.04342121138008456,-2.847524157969799,0.11206476654446922,0.18914198875427246
-78.75394827191577,-77.22682536049439,0.08545052262149966,-5.2613107499809075,-0.0011173415200567414,0.12170378900104317,0.839183171495334,-1.7062845788627017,0.048913117288801884,-3.085251839497647,0.12170378900104317,0.19916963577270508
-78.75944151979859,-77.22682536049439,0.08545052262149966,-5.358968490119764,-0.001295830536976398,0.13021410353887444,0.9088488925389252,-1.494424951675742,0.055116985737883074,-3.2927132122637546,0.13021410353887444,0.20917892456054688
-78.75944151979859,-77.22682536049439,0.08545052262149966,-5.432211795223907,-0.0015720810832324662,0.13732449368539842,0.8324215711149322,-1.2463792897445964,0.06011256635868496,-3.4642718243785753,0.13732449368539842,0.2191774845123291
-78.78141451132983,-77.2872510872053,0.06103608758678547,-5.456626230258621,-0.0018140415946701377,0.14294468455295523,0.6766151611060605,-1.0103376463207105,0.06226641889440495,-3.5988755549818983,0.14294468455295523,0.22916936874389648
-78.78141451132983,-77.41359578850995,0.06103608758678547,-5.505455100328049,-0.0019471147571523625,0.147174700591501,0.5321374541960386,-0.8010412889149692,0.06198130528371002,-3.699393547010399,0.147174700591501,0.2395169734954834
-78.78141451132983,-77.41359578850995,0.06103608758678547,-5.529869535362764,-0.0020227872310430235,0.15020133466382926,0.4330884717471795,-0.6085077668102212,0.06139689256975508,-3.7702460607659867,0.15020133466382926,0.2491779327392578
-78.78141451132983,-77.52895399404898,0.06103608758678547,-5.554283970397478,-0.0020746972364889963,0.1521228812689939,0.3477052739763044,-0.4206926088257005,0.06056006276163251,-3.8135893469454896,0.1521228812689939,0.25922703742980957
-78.7704280155642,-77.63332570382238,0.06103608758678547,-5.554283970397478,-0.002137539219394899,0.15302670252519268,0.2429506236981431,-0.2299518756368126,0.05951224607732605,-3.831416360020737,0.15302670252519268,0.2691793441772461
-78.7704280155642,-77.68825818265049,0.06103608758678547,-5.554283970397478,-0.0021904236605350467,0.1529746604767246,0.14117587921833763,-0.04812439960310146,0.05828998849383462,-3.8255696219081923,0.15302670252519268,0.27951931953430176
-78.7704280155642,-77.68825818265049,0.06103608758678547,-5.529869535362764,-0.0022171094354701813,0.15200203897283548,0.05990909873215897,0.09191752450592379,0.0569254633550585,-3.797753036208239,0.15302670252519268,0.2891654968261719
-78.7704280155642,-77.68825818265049,0.06103608758678547,-5.505455100328049,-0.0022395411351129593,0.15015815583666342,-0.021663839689879796,0.17644619075559317,0.05544693238557699,-3.7495427411476956,0.15302670252519268,0.29927563667297363
-78.7704280155642,-77.68825818265049,0.08545052262149966,-5.505455100328049,-0.002328788239860929,0.14764918754699527,-0.10233165130267673,0.21072397488968894,0.0556614147139563,-3.6859615893026394,0.15302670252519268,0.3094148635864258
-78.7704280155642,-77.9024948500801,0.08545052262149966,-5.310139620050336,-0.0024588239992806775,0.14408488587413243,-0.16599519739137886,0.19984152571884234,0.05732072004723246,-3.597126108710339,0.15302670252519268,0.3191680908203125
-78.78141451132983,-77.94644083314259,0.08545052262149966,-5.139238574807337,-0.0025372530390748026,0.13914611583643266,-0.20034628818984845,0.15676684541117716,0.05842266877212385,-3.474733724775537,0.15302670252519268,0.3291506767272949
-78.78141451132983,-77.98489356832226,0.08545052262149966,-4.919508659494909,-0.002560882499135726,0.13300376229511057,-0.1991817591434496,0.10091053311013838,0.059042518499806906,-3.322571294050011,0.15302670252519268,0.3392293453216553
-78.78141451132983,-77.98489356832226,0.08545052262149966,-4.699778744182481,-0.002535967403088767,0.12573945040752849,-0.16607947106988374,0.04926431895051057,0.05924719830047207,-3.1422546522144494,0.15302670252519268,0.34955716133117676
-78.78141451132983,-77.98489356832226,0.08545052262149966,-4.504463263904768,-0.002495711920300702,0.11763879459409718,-0.13186569119799804,0.012174835799701628,0.059096155727567594,-2.9406654939574373,0.15302670252519268,0.35918712615966797
-78.75944151979859,-77.98489356832226,0.06103608758678547,-4.309147783627054,-0.002411010655030798,0.1089457053198635,-0.13661594895023335,-0.006233622248972323,0.056859867652014125,-2.723798473552811,0.15302670252519268,0.369157075881958
-78.75944151979859,-78.07278553444725,0.012207217517357094,-4.113832303349341,-0.002136889996372504,0.09980299881120236,-0.16527545789268705,-1.7176802976132112e-05,0.049290363461995425,-2.4950753997001334,0.15302670252519268,0.37918615341186523
-78.75394827191577,-78.09475852597849,-0.03662165255207128,-3.9429312581063414,-0.001568726181917972,0.09040205913892478,-0.151720665753054,0.03140708847683397,0.035425137904122946,-2.259266301261199,0.15302670252519268,0.3894939422607422
-78.75394827191577,-78.11673151750973,-0.10986495765621385,-3.6987869077591995,-0.0006719640458947164,0.08068836227938161,-0.09289437753468784,0.08286340940206804,0.01447674170900071,-2.0151374717494885,0.15302670252519268,0.39919018745422363
-78.75394827191577,-78.12771801327536,-0.13427939269092803,-3.4302281223773434,0.0003568520638227396,0.07048286840597937,-0.0681047598088299,0.15821026755145162,-0.010623920590789237,-1.758116453460698,0.15302670252519268,0.40920305252075195
-78.74296177615015,-78.12771801327536,-0.15869382772564222,-3.137254901960773,0.0013185728573060758,0.0597722102502604,-0.10416603120827479,0.2548772573434773,-0.03556847221285876,-1.487933324822923,0.15302670252519268,0.4192323684692383
-78.74296177615015,-78.14419775692379,-0.15869382772564222,-2.8198672465094887,0.002189608785556427,0.04852474333496911,-0.1488008509888429,0.3475458378283073,-0.05846024091363176,-1.2044299374285201,0.15302670252519268,0.42978405952453613
-78.73746852826734,-78.14419775692379,-0.15869382772564222,-2.6733806363012036,0.002928183200425029,0.03727745946422152,-0.17943956901245073,0.4053591359833119,-0.077690569235937,-0.9218025082059553,0.15302670252519268,0.4391965866088867
-78.73746852826734,-78.14419775692379,-0.13427939269092803,-2.47806515602349,0.0034638672630359726,0.02643486148191886,-0.2123583676714722,0.4193033016647709,-0.09190564076768612,-0.6503889545063523,0.15302670252519268,0.44925856590270996
-78.73746852826734,-78.15518425268941,-0.13427939269092803,-2.2827496757457766,0.0038240020237276717,0.015858420146122956,-0.24635791952019437,0.3991625892753472,-0.10175899858119665,-0.38648143892119025,0.15302670252519268,0.4592013359069824
-78.73197528038453,-78.16617074845503,-0.10986495765621385,-2.087434195468063,0.004046379279802967,0.005572045654969002,-0.26693364979644396,0.35459278195737337,-0.10783282323998528,-0.13043632182529072,0.15302670252519268,0.4691801071166992
-78.72648203250172,-78.16617074845503,-0.13427939269092803,-1.8677042801556354,0.004233287493290246,-0.004473887552545907,-0.26380836083922266,0.29681350083155106,-0.11242739635323672,0.11926752633443646,0.15302670252519268,0.4791996479034424
-78.72648203250172,-78.17166399633784,-0.10986495765621385,-1.5747310597390651,0.004392671839545393,-0.014533558359618021,-0.23665898322748602,0.23887926282345512,-0.11573327056932198,0.3693109405610369,0.15302670252519268,0.4894075393676758
-78.73746852826734,-78.17166399633784,-0.10986495765621385,-1.3305867093919233,0.004445184674472134,-0.024608905158938786,-0.20033656519246704,0.19315056684688378,-0.11613803099161502,0.6200513931446417,0.15302670252519268,0.499406099319458
-78.73746852826734,-78.17166399633784,-0.08545052262149966,-1.0620279240100672,0.004383752420597865,-0.03456092271421092,-0.17875653701443509,0.16811168347787508,-0.1140627239403075,0.86822585994222,0.15302670252519268,0.5092291831970215
-78.73746852826734,-78.15518425268941,-0.08545052262149966,-0.7202258335240685,0.004217009034724914,-0.04463007301407463,-0.1782151832182838,0.16883793563348704,-0.10988060544857994,1.1199727737427028,0.15302670252519268,0.5192275047302246
-78.75394827191577,-78.14419775692379,-0.08545052262149966,-0.4272526131074983,0.004055334022403706,-0.05481012314296112,-0.1728385661894245,0.19661926743879476,-0.10570431471482826,1.3751685602599977,0.15302670252519268,0.5292098522186279
-78.78141451132983,-78.13321126115817,-0.10986495765621385,-0.08545052262149966,0.003984538299791168,-0.06502982448555979,-0.1489906932381733,0.2464335999952883,-0.10333822482573353,1.6319064521388769,0.15302670252519268,0.5398190021514893
-78.78690775921264,-78.11673151750973,-0.10986495765621385,0.2075226977950706,0.003961392876907566,-0.07522888599037544,-0.13985676199044786,0.3130899216946053,-0.10253124097245032,1.8885493978017511,0.15302670252519268,0.5492024421691895
-78.78690775921264,-78.11673151750973,-0.10986495765621385,0.524910353246355,0.0038909138509812965,-0.08528949249830223,-0.1602091185392103,0.3872058994119887,-0.10127807423801267,2.1419174599428557,0.15302670252519268,0.5646538734436035
-78.78690775921264,-78.11673151750973,-0.13427939269092803,0.8178835736629253,0.003875272408425362,-0.09520270497728968,-0.18204634674881937,0.44109181175995826,-0.10143296887935455,2.3910949197262408,0.15302670252519268,0.5704247951507568
-78.78690775921264,-78.08926527809568,-0.15869382772564222,1.0131990539406388,0.003982438164261229,-0.10460975423335091,-0.20043745888903014,0.44670341542584435,-0.10457189057875647,2.6264114412194184,0.15302670252519268,0.579357385635376
-78.78690775921264,-78.06729228656444,-0.2075226977950706,1.2329289692530665,0.004256812441860591,-0.11332705075126137,-0.22416593720480504,0.40288257586322457,-0.1120244594766349,2.8432483331781144,0.15302670252519268,0.5893843173980713
-78.79240100709545,-78.06729228656444,-0.1831082627603564,1.42824444953078,0.0045418162367317425,-0.1214022192263354,-0.24041647537727873,0.32214759949009103,-0.11955581780272552,3.0431091706456375,0.15302670252519268,0.59922194480896
-78.79240100709545,-78.050812542916,-0.1831082627603564,1.5014877546349226,0.0047097074139045856,-0.1284482302562639,-0.23223419383903124,0.21888985657505577,-0.1235485401935904,3.2166780028209736,0.15302670252519268,0.6103465557098389
-78.80888075074388,-78.050812542916,-0.13427939269092803,1.5747310597390651,0.00471720958681685,-0.13420754585062944,-0.19137840924295443,0.10945158583526023,-0.1227146999014951,3.3579249359116177,0.15302670252519268,0.6193392276763916
-78.80888075074388,-78.050812542916,-0.06103608758678547,1.6479743648432077,0.00436943611101004,-0.13882369415889473,-0.12721657982546475,0.007860915586391896,-0.1124163172708876,3.4707888768620276,0.15302670252519268,0.6295249462127686
-78.80888075074388,-78.02883955138476,-0.012207217517357094,1.6723887998779219,0.003688125731343107,-0.14228506362122828,-0.07551067399389999,-0.07603781982155039,-0.09409091013342519,3.5552256450351685,0.15302670252519268,0.6395683288574219
-78.80888075074388,-78.02334630350195,0.03662165255207128,1.696803234912636,0.0027646248817333463,-0.1445910263878774,-0.0670817127245801,-0.13687217990850686,-0.07079266486144815,3.611353855199223,0.15302670252519268,0.649216890335083
-78.80338750286107,-78.02334630350195,0.08545052262149966,1.6723887998779219,0.001662181541477744,-0.14574718048219934,-0.07282881403337894,-0.1699599503294847,-0.04337525888777807,3.6394305132967464,0.15302670252519268,0.6593039035797119
-78.80338750286107,-78.02334630350195,0.10986495765621385,1.6479743648432077,0.0005420405908120585,-0.14576949938688588,-0.03286849915519238,-0.17632292130021723,-0.014372727249181271,3.6398294116396412,0.15302670252519268,0.6692144870758057
-78.80338750286107,-77.98489356832226,0.13427939269092803,1.6479743648432077,-0.0005169243959559197,-0.14489584578192644,0.0447513055754013,-0.16109397421615845,0.014041892538283024,3.618368795192756,0.15302670252519268,0.6793506145477295
-78.80338750286107,-77.95742732890821,0.15869382772564222,1.6723887998779219,-0.0015940097768580449,-0.14339644620934694,0.07791407933651498,-0.11962588656912443,0.041798096404863996,3.581920508069445,0.15302670252519268,0.6894268989562988
-78.80338750286107,-77.95742732890821,0.1831082627603564,1.7212176699473503,-0.002716556772857977,-0.1415057184761735,0.037014751628115954,-0.04826949554766243,0.06883928811215233,3.5364362245156458,0.15302670252519268,0.699493408203125
-78.79789425497826,-77.95742732890821,0.2075226977950706,1.7212176699473503,-0.0038127125814005425,-0.13923543254381993,-0.007870126208593328,0.03265570468317932,0.09512106137979873,3.481702206212578,0.15302670252519268,0.709223747253418
-78.79789425497826,-77.89150835431448,0.2075226977950706,1.7700465400167786,-0.004778386785117571,-0.13667626703466038,-0.025290311211940336,0.09849402777268862,0.11882741184764076,3.4193690265608265,0.15302670252519268,0.7193467617034912
-78.79240100709545,-77.86404211490043,0.2319371328297848,1.8677042801556354,-0.0056560205711101,-0.1341757889115916,-0.047872220126228764,0.14490111718384488,0.14020370877459676,3.3580172507193864,0.15302670252519268,0.729252815246582
-78.78690775921264,-77.86404211490043,0.2075226977950706,1.9653620202944921,-0.006393761915463365,-0.1318782191735674,-0.0861585721973811,0.1780061926137717,0.1576900835816496,3.3014056341545293,0.15302670252519268,0.7394692897796631
-78.78690775921264,-77.77615014877546,0.1831082627603564,1.9653620202944921,-0.00685080129376515,-0.12949321249988627,-0.12306556058170659,0.18778495966462816,0.1681933933295861,3.2420249364887717,0.15302670252519268,0.749946117401123
-78.7649347676814,-77.77615014877546,0.15869382772564222,1.940947585259778,-0.007053684617348908,-0.1267084612187404,-0.1466966570721992,0.1593184494286436,0.1726746990069177,3.1716944917042262,0.15302670252519268,0.7593564987182617
-78.75944151979859,-77.73220416571297,0.13427939269092803,1.9165331502250638,-0.007036223324891892,-0.12352365762052706,-0.15670477183907983,0.10099964324513987,0.1719879638263203,3.090616431594305,0.15302670252519268,0.7694275379180908
-78.75394827191577,-77.73220416571297,0.08545052262149966,1.8921187151903496,-0.006750567300791209,-0.12000129188688453,-0.14621817139421334,0.030898615738874858,0.16510872823492492,3.000804762565585,0.15302670252519268,0.7793986797332764
-78.74845502403296,-77.67727168688486,0.06103608758678547,1.940947585259778,-0.006227865842454768,-0.11640939977521927,-0.10873328891798349,-0.03442203075614023,0.15297831383841962,2.9093744436115783,0.15302670252519268,0.7894465923309326
-78.74845502403296,-77.67727168688486,0.012207217517357094,1.940947585259778,-0.005511599446177664,-0.11283803420592801,-0.054416050031635924,-0.08416395520139754,0.1364295849036507,2.8188467562681656,0.15302670252519268,0.7994503974914551
-78.75394827191577,-77.67727168688486,-0.06103608758678547,1.940947585259778,-0.004524367836502407,-0.10915616986106627,-0.01902047586945385,-0.11523380711898655,0.11263368401582381,2.726023401348682,0.15302670252519268,0.8094432353973389
-78.75394827191577,-77.67727168688486,-0.13427939269092803,1.9165331502250638,-0.003266840487845494,-0.10532217441117839,-0.02697659743593192,-0.12347075329840906,0.08099659726023904,2.629967591446999,0.15302670252519268,0.8197753429412842
-78.75394827191577,-77.53444724193179,-0.1831082627603564,1.8677042801556354,-0.0018233573118797979,-0.10123073960738074,-0.0386128562921138,-0.1061499600043001,0.0446186113896921,2.5281147411844107,0.15302670252519268,0.8294620513916016
-78.7649347676814,-77.53444724193179,-0.28076600289921316,1.7944609750514928,-0.00010895028006987761,-0.09679918592544227,-0.004580330077484124,-0.06693304900429753,0.0026092487498098373,2.4183063219109493,0.15302670252519268,0.8394396305084229
-78.79789425497826,-77.50148775463492,-0.32959487296864154,1.6723887998779219,0.001808034686835445,-0.0918883075681218,0.04888183506575016,-0.009898120973682931,-0.04397882129424237,2.2969602361787027,0.15302670252519268,0.8495218753814697
-78.80338750286107,-77.45204852368963,-0.3540093080033557,1.6479743648432077,0.003604178729820847,-0.08673198098517851,0.04919594284678978,0.0676886352456305,-0.08887456967435142,2.1699917405106035,0.15302670252519268,0.859433650970459
-78.81437399862669,-77.45204852368963,-0.3784237430380699,1.7212176699473503,0.005212250702749293,-0.08196548549959583,0.0004216728428171168,0.16161455251377677,-0.1302957257476619,2.05317750130274,0.15302670252519268,0.8695015907287598
-78.81437399862669,-77.25429159990844,-0.4028381780727841,2.1118486305027773,0.006701995310654532,-0.07880684420406547,-0.03886133627877012,0.23222798518602122,-0.16852141617333252,1.9759768047312876,0.15302670252519268,0.879357099533081
-78.80888075074388,-77.25429159990844,-0.30518043793392735,2.5024795910582043,0.007731474406471294,-0.07800841458934718,-0.0643795657023881,0.2397429148400388,-0.19489634930434205,1.9562039376046805,0.15302670252519268,0.8892061710357666
-78.80888075074388,-77.03456168459601,-0.1831082627603564,3.381399252307915,0.00792385286658092,-0.08065746024966106,-0.08858577152132734,0.19189997141072182,-0.20031096595255618,2.0212340055267948,0.15302670252519268,0.899421215057373
-78.80888075074388,-76.88624399176013,-0.06103608758678547,4.406805523765911,0.0073395710003203414,-0.08807105976084273,-0.10088268542827866,0.11594794301079499,-0.18601134214371548,2.204675192596338,0.15302670252519268,0.90921950340271
-78.80888075074388,-76.88624399176013,0.06103608758678547,5.456626230258621,0.006113145080503399,-0.09999707440550662,-0.08495225915471558,0.031652246635619344,-0.15495243349145285,2.5007181663035563,0.15302670252519268,0.9195661544799805
-78.78141451132983,-76.88624399176013,0.3784237430380699,6.482032501716617,0.0037834905613100696,-0.11569775933939541,-0.03619798235944729,-0.045515754490458506,-0.09549221359173792,2.8913060896226237,0.15302670252519268,0.9296584129333496
-78.79240100709545,-76.88624399176013,0.06103608758678547,7.531853208209327,0.0017858550428367427,-0.1345269742863175,0.01857373881126987,-0.10710945324081922,-0.04418203260063682,3.3604966208269165,0.15302670252519268,0.9397480487823486
-78.79240100709545,-76.72693980315861,-0.2319371328297848,8.703746089875608,0.0018189450599133319,-0.15634707230556652,0.03209106890584133,-0.14968774358407624,-0.044671349775187275,3.9049346140495613,0.15302670252519268,0.9495820999145508
-78.79240100709545,-76.22156099794003,-0.524910353246355,9.729152361333604,0.00351117134098582,-0.18052027721124048,0.006464407744758211,-0.1656851367675675,-0.08761767333102655,4.508864801861822,0.15302670252519268,0.9596371650695801
-78.79240100709545,-76.22156099794003,-0.8178835736629253,10.803387502861028,0.006675109452430071,-0.2062808886997149,0.011496602127371615,-0.1546230193160806,-0.16659032125756748,5.153156642009971,0.15302670252519268,0.9697163105010986
-78.79240100709545,-76.22156099794003,-0.8178835736629253,10.803387502861028,0.010254181356300848,-0.23026788564406306,0.07371502929608185,-0.12696138482500513,-0.2545116581751191,5.7535231064809516,0.15302670252519268,0.9795849323272705
-78.79240100709545,-76.22156099794003,-0.8178835736629253,10.803387502861028,0.013253535964269869,-0.24946497491305997,0.12531764761239805,-0.07890584506108475,-0.32820545791643685,6.234651726699972,0.15302670252519268,0.9993391036987305
-79.55046921492333,-76.90821698329137,-0.03662165255207128,2.087434195468063,0.013395660746635004,-0.2389965680940433,0.10325746600046114,0.004572117656770941,-0.3323100820158636,5.975028505292501,0.15302670252519268,1.0100407600402832
-79.4845502403296,-76.90821698329137,0.8911268787670679,-2.4048218509193475,0.00841569875880903,-0.19013914101411875,0.04648383958074085,0.10975387721340582,-0.20923037298070724,4.756222372283304,0.15302670252519268,1.0196189880371094
-79.16594186312658,-77.13893339436942,1.7212176699473503,-5.358968490119764,-0.001004319963376184,-0.12563502027987114,0.010281800626673138,0.18471711951600908,0.025365044100071427,3.145493434984679,0.15302670252519268,1.0296406745910645
-79.16594186312658,-77.35866330968184,2.5513084611276327,-6.775005722133187,-0.013890962172338279,-0.057140048836283486,-0.01949266839686449,0.19779968959243588,0.34678673759853534,1.433446213146898,0.15302670252519268,1.0396060943603516
-78.87479972533761,-77.35866330968184,3.2104982070649157,-8.166628519111896,-0.02918039684524652,0.009833438531092472,-0.055470518511972614,0.16718031855310717,0.7281231581683637,-0.24165645531348412,0.15302670252519268,1.0496575832366943
-78.87479972533761,-77.01808194094758,4.553292133974196,-8.48401617456318,-0.04791821711527865,0.07194931814069952,-0.07970808628156151,0.11770626195303946,1.1959627257249272,-1.7957902969686619,0.15302670252519268,1.0596094131469727
-78.12771801327536,-77.01808194094758,8.093385214007753,-8.899061570153322,-0.07788985253476714,0.12673340561154753,-0.07315425915402655,0.06273452278571338,1.9454174568903282,-3.1667667772190455,0.15302670252519268,1.069472074508667
-78.12771801327536,-77.01808194094758,11.657892729076025,-9.192034790569892,-0.12377415704907908,0.1748944201425483,-0.03564544074973702,0.014982914760955224,3.0934627902082337,-4.3719859306946836,0.1748944201425483,1.0797827243804932
-78.12771801327536,-76.33691920347906,15.222400244144296,-8.166628519111896,-0.18309316101429873,0.21293949526616532,0.0033334356564698013,-0.014507707169985291,4.5774123612488795,-5.323850074333381,0.21293949526616532,1.089655876159668
-77.62783245593957,-75.51293202105745,18.37186236362254,-7.1412222476539,-0.2523886845147568,0.2382959498757901,0.003223693632044467,-0.01792005914962311,6.309797705209721,-5.957846748373493,0.2382959498757901,1.0995893478393555
-75.93041886015106,-75.51293202105745,21.887541008621383,-3.4302281223773434,-0.3296698617449053,0.2448395974746964,-0.01868510831126445,0.006880610957358799,8.241279415914851,-6.120817921593476,0.2448395974746964,1.1098811626434326
-75.93041886015106,-74.67795834287023,25.403219653620226,2.600137331197061,-0.41436552732247234,0.22066140754458446,-0.008727706056271439,0.05229343195328884,10.358919990410403,-5.51522785281578,0.2448395974746964,1.1194183826446533
-74.77683680476082,-74.67795834287023,29.33394369420921,8.606088349736751,-0.5061424238283357,0.16366835661449455,0.02598181917259454,0.10801583777712638,12.654210141187708,-4.089008519417935,0.2448395974746964,1.1292903423309326
-74.77683680476082,-74.67795834287023,32.43457694361791,14.636453803311156,-0.6023073362617464,0.07896397324505336,0.02499915264969116,0.1746157473850345,15.058308385359904,-1.9697339374417084,0.2448395974746964,1.1393013000488281
-74.77683680476082,-73.77157244220645,35.657282368200185,19.397268635080536,-0.6996309239897244,-0.02530214378072666,-0.013655078154753367,0.25498343968182874,17.49043172278924,0.6389281805102122,0.2448395974746964,1.149242877960205
-74.23300526436256,-72.94209201190203,39.05088883802546,22.69321736476695,-0.7982323048139064,-0.13774506111739016,-0.05223844974463474,0.3195841004664289,19.954501659104043,3.4516161304464146,0.2448395974746964,1.1596810817718506
-72.70588235294117,-72.94209201190203,42.542153047989586,25.964751659418653,-0.898168729225118,-0.2522570057223174,-0.09234553671524787,0.3180054995286838,22.45190959221007,6.314375280546152,0.2448395974746964,1.1697328090667725
-72.18402380407416,-72.94209201190203,45.98458838788429,28.16205081254293,-0.9988399226799437,-0.3647317428154139,-0.1351117896045071,0.22640311622542147,24.967620272258475,9.12395364829098,0.2448395974746964,1.1792652606964111
-72.18402380407416,-72.94209201190203,47.205310139619996,30.38376440070192,-1.0929346761060048,-0.4717914862019855,-0.15958329482819547,0.04934248721124156,27.319377320279415,11.796020717229917,0.2448395974746964,1.1892781257629395
-72.18402380407416,-72.01922636758984,48.401617456321105,33.31349660486762,-1.1743089664147885,-0.5757684444178366,-0.14098394565036124,-0.192019229612538,29.35419956172845,14.389410629705601,0.2448395974746964,1.1992826461791992
-71.6401922636759,-71.04692149233234,49.69558251316096,35.950255588616756,-1.2445529301177198,-0.6777351792651733,-0.05360916455761161,-0.46969717695393487,31.112483023829054,16.931637052205485,0.2448395974746964,1.209606647491455
-69.82742046234836,-71.04692149233234,51.45342183566038,38.562600137331174,-1.306536751030084,-0.7764779761187219,0.09908864471159741,-0.7574483689080637,32.66589599186989,19.393013193745343,0.2448395974746964,1.219506025314331
-69.82742046234836,-69.28908216983291,52.84504463263909,41.76089112687873,-1.3614626172392534,-0.8735515917957024,0.2539553463541105,-1.0400166772198154,34.042914314640186,21.812789377962062,0.2448395974746964,1.2292540073394775
-68.55298695353628,-68.59143968871595,55.01792935072865,44.76386663614858,-1.411345794771764,-0.9698057826469129,0.33415258774641077,-1.3160894574551063,35.29199868398776,24.212242329736444,0.2448395974746964,1.2398407459259033
-67.87731746395056,-67.88830395971618,56.94666971847107,47.888914320591994,-1.4582314238264495,-1.0646125863725304,0.33474746760356777,-1.5808481255518592,36.46415428235132,26.575793456174463,0.2448395974746964,1.2501254081726074
-67.17418173495079,-67.14671549553674,58.97306782635235,51.33134966048681,-1.5017838509073722,-1.1589316961192366,0.3547346558773101,-1.8212213179204562,37.55346463908124,28.927761870032906,0.2448395974746964,1.259667158126831
-66.4600595101854,-67.14671549553674,61.048294804303055,54.285496299687225,-1.5425608671955406,-1.2518163924803332,0.5079004250614993,-2.0393570204061144,38.57671919051506,31.244425886498174,0.2448395974746964,1.2696402072906494
-66.4600595101854,-65.73495078965438,62.95262073701076,57.312886243991784,-1.5803683028366708,-1.341766134737287,0.7923495563257839,-2.2502766900354163,39.52901630982492,33.487896451181285,0.2448395974746964,1.2796730995178223
-64.88349736781872,-65.0812542915999,65.17433432516975,60.53559166857406,-1.6159937195158094,-1.429511742903466,1.0528634740590908,-2.467015226491019,40.42616457474671,35.676118191924374,0.2448395974746964,1.2896783351898193
-64.07049668116274,-64.38910505836576,67.81109330891888,63.95361257343404,-1.6518917447857462,-1.5160477388889015,1.0979952304376217,-2.702428781431755,41.324743500404594,37.833632752686746,0.2448395974746964,1.2996058464050293
-63.24650949874113,-63.663996337834746,70.74082551308459,67.42046234836346,-1.6899391955294352,-1.601767874528268,0.9123056015473445,-2.932813787518749,42.27128752827456,39.970876518518736,0.2448395974746964,1.309474229812622
-62.40054932478829,-63.663996337834746,73.91470206759743,70.17929350728616,-1.7309132664708122,-1.6843467532745393,0.7988191474407548,-3.1095010251317814,43.292802140456324,42.03093130623519,0.2448395974746964,1.3194761276245117
-62.40054932478829,-62.13687342641337,76.99092088197142,72.10803387502858,-1.7742890712149968,-1.7592797840130288,1.0479016200830777,-3.2219160255859913,44.383424320877,43.90144669968607,0.2448395974746964,1.3294670581817627
-60.70862897688258,-62.13687342641337,79.55443656061641,74.06118867780572,-1.8177085570221128,-1.82486760158844,1.5921033538815939,-3.2286300751547423,45.48251650939986,45.54097428783212,0.2448395974746964,1.3403306007385254
-60.70862897688258,-62.13687342641337,82.0935378042268,75.45281147478443,-1.8595542349744811,-1.8805095491354948,2.1892987111260735,-3.110020852824009,46.543588342140175,46.934988207066766,0.2448395974746964,1.3494923114776611
-60.70862897688258,-59.807736324101626,83.85137712672622,77.11299305714499,-1.8976753782981202,-1.9265813992048375,2.6260904989970584,-2.9712080033183366,47.50753671992793,48.090254780037974,0.2448395974746964,1.3603026866912842
-58.95628290226597,-59.016708628976886,85.85336079957278,78.8464179446097,-1.9310407801007698,-1.9652845613529588,2.7200461431139416,-2.876368112169737,48.3440206560971,49.060204831019725,0.2448395974746964,1.369462490081787
-57.09956511787594,-59.016708628976886,88.27038986800949,80.26245517662323,-1.962235339845228,-1.9967119595817775,2.370956254145359,-2.7632084731957582,49.115157402484336,49.84871877771454,0.2448395974746964,1.379526138305664
-57.09956511787594,-57.25886930647745,90.63859006637676,82.31326771953923,-1.9922475225523175,-2.0226229870578614,1.871424181150461,-2.5789622627009994,49.8529736683367,50.50110061987901,0.2448395974746964,1.3896193504333496
-55.04509040970474,-57.25886930647745,93.49507896543832,84.21759365224693,-2.021964581169134,-2.0451292315709297,1.6495584283724665,-2.3584713076141477,50.59035348993766,51.069269006582886,0.2448395974746964,1.3994653224945068
-55.04509040970474,-57.25886930647745,95.91210803387503,85.90218966964221,-2.051296947476346,-2.0635446980395296,1.7778310436447993,-2.1186201000102876,51.32686946299976,51.53565194848798,0.2448395974746964,1.409501552581787
-55.04509040970474,-54.523231860837726,97.96292057679102,87.66002899214163,-2.077971219334227,-2.0778869475048767,2.0200771127467307,-1.813294974286314,51.99978241117435,51.901841313264754,0.2448395974746964,1.4194893836975098
-52.8203250171664,-53.528953994048976,100.20904859998473,89.56435492484934,-2.101939705943667,-2.089307497274775,2.148102787325685,-1.4482338296646915,52.60219521827482,52.19648158612776,0.2448395974746964,1.4296841621398926
-50.573586633096824,-51.386587319752806,102.406347753109,91.54192416266119,-2.1239973419838245,-2.098856848829659,2.0736222957765693,-1.0795871534877457,53.15177410699003,52.44443154190429,0.2448395974746964,1.4394609928131104
-49.469443808651874,-51.386587319752806,104.628061341268,93.32417792019532,-2.144317714486434,-2.1064099376928427,1.7391898482432269,-0.7208055203299464,53.65142260836693,52.64222830431281,0.2448395974746964,1.4494941234588623
-48.37628747997255,-51.386587319752806,106.89860379949641,95.10643167772946,-2.1632067596373292,-2.1116459881977936,1.2342107799983344,-0.37225571730595086,54.1110242604332,52.78184331201219,0.2448395974746964,1.4594826698303223
-47.28313115129319,-51.386587319752806,109.34004730296783,96.8886854352636,-2.1812315744940025,-2.114903952565882,0.7658004353858078,-0.06405654699607542,54.549934373234706,52.870997400472156,0.2448395974746964,1.469578742980957
-47.28313115129319,-48.31586175326163,111.78149080643925,97.84084840161745,-2.198825885974841,-2.1140938882143154,0.42345854645932673,0.14474548836616355,54.98123361303251,52.85596584256704,0.2448395974746964,1.4795033931732178
-47.28313115129319,-46.22293430991073,113.85671778439007,98.91508354314487,-2.214892841712916,-2.107805673032944,0.18421644772166856,0.20819251511575285,55.37692645401595,52.7003466387015,0.2448395974746964,1.4898016452789307
-45.00343327992675,-46.22293430991073,115.83428702220192,99.9893186846723,-2.2282228000387536,-2.0972313241482086,0.02394947138619122,0.14542388499533396,55.706168737753494,52.43441870083009,0.2448395974746964,1.4994866847991943
-42.45456626230259,-44.10803387502861,118.51987487602048,100.57526512550544,-2.2409250901668525,-2.0815946310871922,-0.0690456898483421,0.00911298288346495,56.02140111192511,52.04009360175189,0.2448395974746964,1.5097224712371826
-41.08125429159992,-44.10803387502861,120.93690394445719,101.1856260013733,-2.2542962209763635,-2.0603383429189193,-0.09564449979802314,-0.16192476136990122,56.355014411914134,51.50441045393874,0.2448395974746964,1.5193941593170166
-39.70244907301441,-44.10803387502861,123.25627527275503,101.77157244220643,-2.2671087706471282,-2.034387667725311,-0.07844340189406332,-0.3500815647494842,56.67575818113086,50.85093965401404,0.2448395974746964,1.5295140743255615
-38.351110093842976,-44.10803387502861,125.38033112077517,102.08896009765772,-2.278558715915856,-2.003715700349691,-0.06435798410156922,-0.5527617604889654,56.96235894829386,50.079073464730044,0.2448395974746964,1.539510726928711
-38.351110093842976,-39.91119249256121,127.01609826810102,101.64950026703286,-2.286816129584762,-1.9661969016852798,-0.08337886586516718,-0.7778465005234999,57.16831876797242,49.1354763796189,0.2448395974746964,1.5494961738586426
-38.351110093842976,-39.91119249256121,128.48096437018387,101.13679713130387,-2.2903589979872576,-1.9206264151535148,-0.11301702954248467,-1.0345314497650004,57.256149523942874,47.98979709259374,0.2448395974746964,1.559492826461792
-33.978484779125665,-39.91119249256121,127.47997253376059,100.62409399557487,-2.2820959693146614,-1.8682226044066528,-0.09117844951360209,-1.3236495378582582,57.0501197716287,46.67247387171986,0.2448395974746964,1.5696117877960205
-33.978484779125665,-39.91119249256121,126.33249408712902,100.11139085984587,-2.2561175334512167,-1.8102796649650723,0.02389737959129248,-1.6478711786488631,56.403535770770205,45.21579484466059,0.2448395974746964,1.5795187950134277
-33.978484779125665,-36.274662394140535,125.01411459525445,97.25490196078431,-2.2142444800610104,-1.741096588412646,0.1979719144607564,-2.0162925140884993,55.36106129938678,43.47700739746393,0.2448395974746964,1.58927583694458
-33.978484779125665,-36.274662394140535,123.69573510337989,94.81345845731289,-2.158608633511491,-1.6570805681887706,0.3399509052252431,-2.439110879078268,53.9737146104179,41.366036432742305,0.2448395974746964,1.5993363857269287
-28.715953307392994,-36.274662394140535,122.10879682612347,92.03021286335547,-2.0908038972522123,-1.5610931501297882,0.3896297824165945,-2.9275250385408644,52.27983817586572,38.954140627281184,0.2448395974746964,1.6097793579101562
-28.715953307392994,-36.274662394140535,120.08239871824219,89.24696726939806,-2.010874786499681,-1.4544186006055368,0.3966393816144409,-3.4770490187764795,50.281785647032386,36.27353878966901,0.2448395974746964,1.6194703578948975
-28.715953307392994,-34.665140764477,117.32356755931949,85.1941710536355,-1.917465358012602,-1.3354864436290732,0.5097389722170534,-4.066393840604557,47.94937742462047,33.28550124471172,0.2448395974746964,1.6292603015899658
-28.715953307392994,-34.665140764477,114.36942092011907,81.14137483787295,-1.8102220330476322,-1.2030529621322836,0.8379112227705067,-4.707367203625883,45.27649860676006,29.958639873216445,0.2448395974746964,1.6392998695373535
-28.04028381780728,-34.665140764477,103.67589837491414,77.06416418707556,-1.6686193437087233,-1.0597983220074652,1.3123449163452685,-5.44213979703433,41.74829221562671,26.35890455526077,0.2448395974746964,1.6498775482177734
-28.04028381780728,-34.41794460975052,93.15327687495233,72.69398031586172,-1.4765361118284108,-0.9072164063063168,1.722168750653345,-6.306932504953746,36.956457014476605,22.52273684503408,0.2448395974746964,1.6602067947387695
-28.04028381780728,-35.82421606775006,82.6062409399558,55.11558709086751,-1.2430229317136736,-0.708126662696704,1.8732708000353318,-7.32086977436057,31.12240506284272,17.520144823058583,0.2448395974746964,1.6694917678833008
-28.04028381780728,-35.82421606775006,72.08361943999387,37.53719386587318,-0.975401815743943,-0.4318283454474927,1.8095070702417235,-8.443354658959572,24.430283070354616,10.584624769713328,0.2448395974746964,1.6796555519104004
-28.04028381780728,-35.82421606775006,64.00244144350347,19.958800640878962,-0.6869804766095797,-0.09103891862768597,1.903433648122463,-9.585468824943666,17.222097756442555,2.036336245068558,0.2448395974746964,1.6898555755615234
-26.914168001831086,-35.82421606775006,63.48973830777447,2.3804074158846333,-0.41119252011542784,0.30295525634489734,2.54795266528475,-10.740833416205815,10.343511819517815,-7.842402244027579,0.30295525634489734,1.6998214721679688
-26.914168001831086,-36.593270771343555,62.95262073701076,-13.000686655985305,-0.1696676839564231,0.7337036998941795,3.731729811940097,-12.00598602156173,4.3349853442090795,-18.64274214789353,0.7337036998941795,1.7096529006958008
-26.914168001831086,-36.593270771343555,62.43991760128176,-28.40619516289007,0.04084065953461332,1.1869772349149985,4.945601561844136,-13.510739733904678,-0.8973764493192296,-30.012199366222575,1.1869772349149985,1.7196974754333496
-24.222476539253847,-36.593270771343555,63.12352178225376,-43.78728923476001,0.21948262505312693,1.656823114672204,5.525612637216416,-15.385192053145744,-5.348925310397764,-41.80520766813374,1.656823114672204,1.7304174900054932
-24.222476539253847,-37.713893339436936,63.80712596322576,-57.23964293888764,0.3660890942122327,2.132508968500539,5.218378491599118,-17.592195670227003,-9.02176789301584,-53.75252910426915,2.132508968500539,1.7399260997772217
-22.47562371252002,-39.86724650949873,59.68108644235906,-63.24559395742733,0.4991470127532268,2.583457916633917,4.730180784000175,-19.804230468228727,-12.360420799230665,-65.08155367755364,2.583457916633917,1.750084400177002
-20.49805447470817,-39.86724650949873,53.357747768368085,-69.25154497596702,0.6417056247797329,2.9893273136316547,5.43416316942937,-21.736441131392368,-15.906786540257588,-75.27659386907618,2.9893273136316547,1.7606167793273926
-20.49805447470817,-39.98809796292056,54.871442740520365,-72.23010605020215,0.7759901892169674,3.345601294428703,8.016021859707648,-23.43973809722621,-19.199354183931494,-84.22602581314823,3.345601294428703,1.7707552909851074
-19.816891737239644,-39.98809796292056,56.092164492256074,-74.91569390402071,0.8799064440612732,3.6478248031233327,11.653350479756089,-24.974211530897648,-21.70632733953793,-91.81997536635576,3.6478248031233327,1.780198097229004
-19.816891737239644,-39.58159761959257,57.312886243991784,-64.51514457923247,0.9567919641199982,3.8628097523064646,14.795046695177561,-26.700872807718483,-23.549922935620515,-97.23776562785457,3.8628097523064646,1.789642572402954
-19.31151293202106,-39.58159761959257,58.16739147020678,-54.09018081940951,1.0097227626223777,3.963188396386054,15.9818910744441,-29.212808576782336,-24.84352178869834,-99.81003012407089,3.963188396386054,1.7997956275939941
-19.31151293202106,-39.58159761959257,59.04631113145649,-43.68963149462115,1.0417618576048038,3.9650554709679113,14.353650305229678,-32.455873409298526,-25.685205182489348,-99.93778360943024,3.9650554709679113,1.8097424507141113
-19.31151293202106,-39.40032043945982,52.356755931944804,-34.24124513618676,1.079347564231876,3.886238711376156,11.867774835248596,-35.69199848578656,-26.686994734915682,-98.04826774654855,3.9650554709679113,1.8196377754211426
-19.31151293202106,-39.136644541084905,45.64278629739829,-23.74303807125966,1.1472309922680317,3.739391642913823,12.258910928542527,-38.170975308173645,-28.37430203348723,-94.4390654555499,3.9650554709679113,1.8295295238494873
-18.696269169146262,-39.136644541084905,38.806744487678316,-13.269245441367161,1.24283158721602,3.5326189140359183,16.89065235824169,-39.624083607305664,-30.648523371444462,-89.3060749410806,3.9650554709679113,1.8393826484680176
-18.696269169146262,-38.9279011215381,31.042954146639204,-2.6733806363012036,1.3630404002518601,3.276011139659972,23.514132865611792,-39.697633849806884,-33.488156684656204,-82.89271933774447,3.9650554709679113,1.8493003845214844
-18.36667429617762,-38.9279011215381,23.108262760357093,5.993743801022333,1.5042997828932712,2.9831459651087395,29.28811082130315,-38.972600726583316,-36.8752918017992,-75.55296414588307,3.9650554709679113,1.8594491481781006
-18.36667429617762,-38.9279011215381,19.983215075913677,8.36194399938961,1.6471910112144443,2.6835714507260175,32.27938111028006,-38.94691868624108,-40.37279075260411,-68.06295923530647,3.9650554709679113,1.8697948455810547
-18.36667429617762,-39.460746166170736,19.031052109559823,9.06996261539632,1.7680582997981813,2.40297887102228,30.634674403962823,-39.69456065530068,-43.43559063485546,-61.06683579193951,3.9650554709679113,1.8793022632598877
-17.850308995193416,-40.575875486381335,18.616006713969682,6.09140154116119,1.8616021091559223,2.1567500973222216,25.10457010726061,-40.10305313997033,-45.91243847621654,-54.921328761554804,3.9650554709679113,1.8892951011657715
-17.268024719615482,-40.575875486381335,18.95780880445568,3.088426031891345,1.9321662757354712,1.9526250097281843,20.93657304841249,-39.6564330442377,-47.78074256717647,-49.80703606931054,3.9650554709679113,1.8992950916290283
-16.93842984664684,-40.575875486381335,19.54375524528882,0.8178835736629253,1.983391962919044,1.783285508601341,21.55430834466122,-38.7123631630944,-49.04594136435957,-45.54994679411089,3.9650554709679113,1.9094910621643066
-16.93842984664684,-40.575875486381335,20.447089341573246,-1.4770733196002084,2.0148300475721874,1.6431121446142858,24.90694755938342,-36.75679896387988,-49.7480775003201,-41.99672358945414,3.9650554709679113,1.9193367958068848
-16.93842984664684,-41.32295719844359,21.35042343785767,-1.1108567940794956,2.0261056417233507,1.5212061190743598,28.414810933962368,-33.66314962404115,-49.942270769734705,-38.87173171746002,3.9650554709679113,1.929469108581543
-16.559395742732903,-40.39459830624858,22.57114518959338,5.04158083466848,2.0174701528201995,1.3896009943172303,30.33444582009056,-30.919800958058126,-49.67839267500271,-35.51301988188221,3.9650554709679113,1.939605951309204
-15.186083772030202,-40.39459830624858,24.109254596780374,10.315098802166744,1.9880887208131,1.235433319924062,28.95317841397059,-29.163789485493027,-48.97838855997824,-31.61492773523887,3.9650554709679113,1.9495055675506592
-15.186083772030202,-38.428015564202326,25.793850614175653,17.37087052719926,1.9385798390787254,1.0608923799733627,23.544782588267196,-27.573499334326648,-47.87587641226146,-27.211646982692237,3.9650554709679113,1.9593267440795898
-14.191805905241466,-38.428015564202326,27.28313115129322,24.304570077058088,1.875113945337135,0.8656600310229093,17.545526211147823,-25.53634619590204,-46.43921047814968,-22.279909430470283,3.9650554709679113,1.9694128036499023
