L_IMU_Ang,R_IMU_Ang,L_IMU_Vel,R_IMU_Vel,L_Cmd,R_Cmd,L_Ref_Ang,R_Ref_Ang,L_Ref_Vel,R_Ref_Vel,Peak,Time
-2.78233005264363,-1.4859235523003065,-0.012207217517357094,-0.08545052262149966,4.557169942493656e-05,0.00025481011869160267,0.009926624274253846,0.005294592636823654,-0.0008911268787670678,-0.006237888151369475,0.00025481011869160267,2.6226043701171875e-06
-2.78233005264363,-1.4914168001831172,-0.012207217517357094,-0.06103608758678547,0.00012527598697329695,0.0006554442999746746,0.023737425899062158,0.015964522756396534,-0.0025384640268558693,-0.015986994430456952,0.0006554442999746746,0.012391090393066406
-2.7878233005264406,-1.4914168001831172,-0.012207217517357094,-0.08545052262149966,0.00018665342490236026,0.0009963612493861524,0.02939369958672801,0.02733014402383051,-0.003931493132890807,-0.024225777634058053,0.0009963612493861524,0.021225929260253906
-2.7878233005264406,-1.4914168001831172,-0.012207217517357094,-0.10986495765621385,0.00023633705708866196,0.0014232191665724462,0.03235081388368801,0.035467642319057746,-0.005099656080124348,-0.03469378810633471,0.0014232191665724462,0.03122687339782715
-2.7878233005264406,-1.474937056534685,-0.012207217517357094,-0.10986495765621385,0.0002773667808067462,0.0018454128113666618,0.0345933430101129,0.03637466042044168,-0.0060693359449158326,-0.0452259537736555,0.0018454128113666618,0.041269540786743164
-2.7878233005264406,-1.4639505607690637,-0.03662165255207128,-0.10986495765621385,0.00038227359468298615,0.0021933025741167037,0.036417117592132564,0.034393225142340306,-0.00864641192727134,-0.05397273372435908,0.0021933025741167037,0.05163407325744629
-2.78233005264363,-1.4639505607690637,-0.012207217517357094,-0.10986495765621385,0.000468534700818543,0.002481128671312915,0.03653721049049565,0.03526833352207334,-0.010799937258201185,-0.06114650844477104,0.002481128671312915,0.061223506927490234
-2.78233005264363,-1.4529640650034423,0.012207217517357094,-0.10986495765621385,0.0003968960779682969,0.0027161548996676435,0.03628183503389727,0.03866195418649735,-0.00901535607335999,-0.06693732363702866,0.0027161548996676435,0.07129096984863281
-2.7713435568780085,-1.4529640650034423,0.012207217517357094,-0.10986495765621385,0.00026338498966077767,0.0029008460655920248,0.03701270696279728,0.04024192108273552,-0.00565930706744951,-0.07151510361273224,0.0029008460655920248,0.08133268356323242
-2.7713435568780085,-1.4529640650034423,0.03662165255207128,-0.10986495765621385,7.634244084227923e-05,0.0030402829994856037,0.037161414238428746,0.039016902681178606,-0.0009795256650962619,-0.07503165242011063,0.0030402829994856037,0.09122395515441895
-2.7713435568780085,-1.441977569237821,0.06103608758678547,-0.08545052262149966,-0.0002272273645755381,0.0030717140324153292,0.036267456899659864,0.03810567598941799,0.006587370536879949,-0.07584020891064779,0.0030717140324153292,0.10125017166137695
-2.760357061112387,-1.441977569237821,0.08545052262149966,-0.03662165255207128,-0.0006280182546629287,0.002869601125426811,0.03512308774120177,0.03892454192262618,0.016578533560103262,-0.07076691458760462,0.0030717140324153292,0.11120486259460449
-2.760357061112387,-1.441977569237821,0.08545052262149966,-0.012207217517357094,-0.0010375644781063173,0.0024675907059543436,0.03455783074135726,0.03967732181597442,0.026803057721191865,-0.06069783460345923,0.0030717140324153292,0.12125182151794434
-2.760357061112387,-1.441977569237821,0.08545052262149966,0.012207217517357094,-0.0013815101552316997,0.0019669826385180734,0.034026124356743785,0.039003127173538724,0.03538840698971109,-0.04819948778361337,0.0030717140324153292,0.13120818138122559
-2.760357061112387,-1.441977569237821,0.10986495765621385,0.03662165255207128,-0.0017393018347383565,0.0013854990644004655,0.03304901802340692,0.037697261724270854,0.04430877131904409,-0.03369504506690487,0.0030717140324153292,0.14136719703674316
-2.760357061112387,-1.4474708171206316,0.10986495765621385,0.06103608758678547,-0.002106911112258094,0.0007392900811070236,0.0317372880621779,0.03701126992190758,0.0534662100080068,-0.0175569702796279,0.0030717140324153292,0.15121793746948242
-2.760357061112387,-1.4474708171206316,0.10986495765621385,0.08545052262149966,-0.0024092414277244864,4.129758175232171e-05,0.030499141763745838,0.036802791663985146,0.06099351423720581,-0.00011236975220841423,0.0030717140324153292,0.1612861156463623
-2.760357061112387,-1.4529640650034423,0.13427939269092803,0.08545052262149966,-0.0027252560223349066,-0.000626666208426006,0.029518946008860427,0.036131205551268024,0.06886937420859418,0.01656993534943185,0.0030717140324153292,0.17123627662658691
-2.760357061112387,-1.4529640650034423,0.10986495765621385,0.08545052262149966,-0.0029801885083131337,-0.0011942873864431787,0.02850607776725522,0.034798913249658246,0.07521736465200972,0.03072715749232092,0.0030717140324153292,0.18183684349060059
-2.760357061112387,-1.4529640650034423,0.08545052262149966,0.08545052262149966,-0.003039106992258793,-0.001672502119870164,0.02733221850427094,0.03349154246402505,0.0766609802690766,0.04264984155835472,0.0030717140324153292,0.1912543773651123
-2.765850308995198,-1.4529640650034423,0.06103608758678547,0.08545052262149966,-0.0029302694424674356,-0.0020712885354607843,0.02604373597517375,0.0326487401625453,0.07390782946106522,0.05259843189058323,0.0030717140324153292,0.20142292976379395
-2.765850308995198,-1.4529640650034423,0.03662165255207128,0.08545052262149966,-0.0026784746095256592,-0.0024003404202752664,0.024939901627883846,0.03190884044238995,0.06758536277883857,0.0608062315179414,0.0030717140324153292,0.2112276554107666
-2.765850308995198,-1.458457312886253,0.012207217517357094,0.06103608758678547,-0.002305984989060469,-0.002597225612879165,0.02397968994740729,0.03076739307224361,0.05824911697519691,0.06569982514878521,0.0030717140324153292,0.22124910354614258
-2.760357061112387,-1.458457312886253,-0.012207217517357094,0.03662165255207128,-0.0018326571152537806,-0.0026087386285364154,0.022948955781208116,0.029404848083677593,0.046390151775874716,0.06595358691550232,0.0030717140324153292,0.23122787475585938
-2.760357061112387,-1.458457312886253,-0.012207217517357094,0.03662165255207128,-0.0013471178711365096,-0.002532724526676841,0.021842529136778026,0.028288527518599643,0.03422401000683219,0.06402532635488602,0.0030717140324153292,0.241288423538208
-2.760357061112387,-1.4529640650034423,-0.03662165255207128,0.06103608758678547,-0.000853721250690554,-0.002524915265760881,0.020775649682295873,0.027425273144954666,0.021862422509321248,0.06380851347264589,0.0030717140324153292,0.25125765800476074
-2.7548638132295764,-1.4529640650034423,-0.03662165255207128,0.06103608758678547,-0.00035624000831100744,-0.002575728186074965,0.01983573354346273,0.026457434859402326,0.009401893546361754,0.06505464052335919,0.0030717140324153292,0.26128149032592773
-2.7548638132295764,-1.4529640650034423,-0.03662165255207128,0.08545052262149966,7.064210156233843e-05,-0.0026764800561035517,0.018947915346060912,0.02525637877761129,-0.001292354655406938,0.06754341087202907,0.0030717140324153292,0.27123546600341797
-2.7548638132295764,-1.458457312886253,-0.03662165255207128,0.08545052262149966,0.00043480124432829627,-0.002819122503663854,0.018033080570982563,0.0240708813187857,-0.01041920409393284,0.07107983462456599,0.0030717140324153292,0.28186655044555664
-2.743877317463955,-1.458457312886253,-0.03662165255207128,0.08545052262149966,0.0007433640448882282,-0.0029252528016307294,0.017078421813780966,0.02312140081617735,-0.018157140576861183,0.07370935506117267,0.0030717140324153292,0.2912299633026123
-2.743877317463955,-1.4694438086518744,-0.03662165255207128,0.08545052262149966,0.0010028634529012312,-0.0029997167726673246,0.01621353875092933,0.022276307862355613,-0.024666247853757546,0.07554982701324199,0.0030717140324153292,0.3013134002685547
-2.743877317463955,-1.4694438086518744,-0.03662165255207128,0.08545052262149966,0.001219053835918873,-0.0030469623018591443,0.015453355288510554,0.021287700498118758,-0.030090012015759064,0.07670625005893157,0.0030717140324153292,0.3116292953491211
-2.743877317463955,-1.4694438086518744,-0.012207217517357094,0.08545052262149966,0.0013256862008328434,-0.003070665406929068,0.014698194316693572,0.020217257348168864,-0.03277470016290375,0.07727206660693092,0.0030717140324153292,0.321652889251709
-2.743877317463955,-1.474937056534685,-0.012207217517357094,0.08545052262149966,0.0013381324508835244,-0.003073923310938505,0.013925342845527686,0.01929005523105675,-0.03310517770094992,0.07733033415423905,0.0030717140324153292,0.33162665367126465
-2.743877317463955,-1.474937056534685,-0.012207217517357094,0.08545052262149966,0.0013413878236195795,-0.0030596594363911907,0.01317342006598195,0.018531908750673717,-0.03320536008883994,0.07695478362854662,0.0030717140324153292,0.34139013290405273
-2.743877317463955,-1.474937056534685,-0.012207217517357094,0.06103608758678547,0.0013368369756203754,-0.0029593733666510827,0.012505120186447914,0.017767467631381036,-0.03310829638584818,0.07442852085706159,0.0030717140324153292,0.3517272472381592
-2.743877317463955,-1.4694438086518744,-0.012207217517357094,0.06103608758678547,0.001325638542712101,-0.0027862768946422516,0.011906596832070402,0.01689227342527849,-0.03284329864700076,0.07007922920168826,0.0030717140324153292,0.3613905906677246
-2.743877317463955,-1.4694438086518744,-0.012207217517357094,0.03662165255207128,0.0013087651658572966,-0.0025518537208229085,0.011312128429589847,0.01601866640471118,-0.03243632593569267,0.06419680968069048,0.0030717140324153292,0.3713948726654053
-2.727397573815523,-1.4694438086518744,-0.012207217517357094,0.012207217517357094,0.0012871122823516412,-0.0021949092835952515,0.010699052338916486,0.015292524384517248,-0.03191033075031812,0.055255045199494215,0.0030717140324153292,0.3813052177429199
-2.727397573815523,-1.4639505607690637,0.012207217517357094,-0.012207217517357094,0.0011902566124904546,-0.0017353070939747199,0.010123905057301184,0.014671861722840069,-0.029503317685828832,0.043749473892438995,0.0030717140324153292,0.3916151523590088
-2.7164110780499016,-1.4639505607690637,0.012207217517357094,-0.012207217517357094,0.0010297414989916078,-0.0012619822595472687,0.009622866085914311,0.014005323458354507,-0.025502965822642335,0.03189968957514058,0.0030717140324153292,0.40137529373168945
-2.7164110780499016,-1.4529640650034423,0.012207217517357094,-0.03662165255207128,0.000886999461718895,-0.0007795737410999756,0.009159502348086367,0.013269728481568556,-0.02194599898427022,0.019821086739538602,0.0030717140324153292,0.41135597229003906
-2.710917830167091,-1.4529640650034423,0.03662165255207128,-0.03662165255207128,0.000688886698263741,-0.0002919464288715641,0.008685224036982086,0.012592864050410012,-0.01700503685566897,0.0076134823230493524,0.0030717140324153292,0.42138171195983887
-2.710917830167091,-1.4529640650034423,0.06103608758678547,-0.03662165255207128,0.0003732838862068498,0.00012624636742029444,0.008206850852601996,0.012050096946259005,-0.009126925883856194,-0.0028549067618508857,0.0030717140324153292,0.4313628673553467
-2.710917830167091,-1.4529640650034423,0.06103608758678547,-0.03662165255207128,3.0406867753145882e-05,0.0004827606470297496,0.007775689635723572,0.01155041134678965,-0.0005657794529355577,-0.011780255892073998,0.0030717140324153292,0.4414529800415039
-2.710917830167091,-1.4474708171206316,0.08545052262149966,-0.012207217517357094,-0.0003338650747027598,0.0007132347837296973,0.007401375626801783,0.010980726959416535,0.008531661258239039,-0.017556351419257016,0.0030717140324153292,0.4512369632720947
-2.710917830167091,-1.441977569237821,0.10986495765621385,-0.03662165255207128,-0.0007857350722536066,0.0009061017360743268,0.0070396776584421535,0.010375549025602079,0.019819368747801217,-0.022393154676218118,0.0030717140324153292,0.46156859397888184
-2.710917830167091,-1.4364843213550103,0.10986495765621385,-0.03662165255207128,-0.0012386778271783652,0.0011371877049828898,0.0066600505839349,0.009853315190748509,0.0311334469440575,-0.028183359744803533,0.0030717140324153292,0.47162675857543945
-2.710917830167091,-1.4364843213550103,0.10986495765621385,-0.06103608758678547,-0.0016187336629740483,0.001399673286827401,0.006289023957458773,0.009432519914598638,0.04062556717328768,-0.034756019172820056,0.0030717140324153292,0.4815559387207031
-2.710917830167091,-1.4364843213550103,0.10986495765621385,-0.06103608758678547,-0.0019344074467203928,0.001687444460808009,0.005966410944410534,0.009011531113104968,0.04850934644162009,-0.041960823242372595,0.0030717140324153292,0.4918832778930664
-2.710917830167091,-1.4364843213550103,0.10986495765621385,-0.08545052262149966,-0.0021933589601460172,0.0019951656312579584,0.005684276224938249,0.008529006142817944,0.05497608090927389,-0.04966591562787851,0.0030717140324153292,0.5015194416046143
-2.710917830167091,-1.4364843213550103,0.08545052262149966,-0.08545052262149966,-0.0023311868620204913,0.0023182887640189474,0.0054010026019827625,0.008051713782150624,0.05841469661556186,-0.05775592625591992,0.0030717140324153292,0.5113949775695801
-2.70542458228428,-1.4364843213550103,0.06103608758678547,-0.10986495765621385,-0.0022935294798385733,0.002652870931012825,0.005103717915368992,0.00766291115455781,0.05746582994384855,-0.06613020049645667,0.0030717140324153292,0.521430253982544
-2.70542458228428,-1.4309910734721996,0.06103608758678547,-0.10986495765621385,-0.0021774608000335437,0.0029953823933423817,0.004822683858972877,0.007334162138272789,0.05455708709731291,-0.07470120578010273,0.0030717140324153292,0.5314784049987793
-2.694438086518659,-1.4309910734721996,0.06103608758678547,-0.10986495765621385,-0.002066325177796251,0.0032714077042770547,0.004581456325812852,0.006973913834084463,0.051772665853051604,-0.08161084476107426,0.0032714077042770547,0.5418460369110107
-2.688944838635848,-1.4309910734721996,0.06103608758678547,-0.10986495765621385,-0.0019600284860141364,0.0034891086024362527,0.0043611942313130396,0.006568291694806801,0.04910974200613624,-0.08706350776853615,0.0034891086024362527,0.551396369934082
-2.688944838635848,-1.4309910734721996,0.08545052262149966,-0.10986495765621385,-0.0019297722526423588,0.0036558729597299623,0.004127304357090168,0.006201841710666235,0.04834748892498622,-0.0912417779504824,0.0036558729597299623,0.5614409446716309
-2.688944838635848,-1.3980315861753354,0.10986495765621385,-0.08545052262149966,-0.002035918987184939,0.003706976467560934,0.003882808589334172,0.005922268496097516,0.050995044894356835,-0.09252635497662091,0.003706976467560934,0.5714032649993896
-2.688944838635848,-1.3980315861753354,0.10986495765621385,-0.06103608758678547,-0.0021866591624549415,0.0035876649671751507,0.0036649758815165533,0.00566057728690502,0.05475810345841145,-0.08955010974720613,0.003706976467560934,0.5817694664001465
-2.6779583428702267,-1.3980315861753354,0.15869382772564222,-0.012207217517357094,-0.002445940542400454,0.003252093568408377,0.0034782465602465544,0.005341095586338843,0.06123546972401751,-0.08116881182055094,0.003706976467560934,0.5913951396942139
-2.6779583428702267,-1.3980315861753354,0.2075226977950706,0.012207217517357094,-0.002939112739011548,0.002733686591022752,0.0032875889134961326,0.005000370071579397,0.07356000819812611,-0.06821715552377931,0.003706976467560934,0.6016836166381836
-2.6779583428702267,-1.3980315861753354,0.256351567864499,0.03662165255207128,-0.003629355542929104,0.0021333443545015793,0.0030777168272602758,0.004726594091274771,0.0908108314939091,-0.053215444010257615,0.003706976467560934,0.6114263534545898
-2.6779583428702267,-1.3925383382925247,0.30518043793392735,0.06103608758678547,-0.004484099784981564,0.0014663384101577812,0.002872820128732352,0.004526820180419444,0.11217431512775741,-0.036545289749434044,0.003706976467560934,0.6217143535614014
-2.672465094987416,-1.3925383382925247,0.3540093080033557,0.10986495765621385,-0.005474615865235031,0.0006747082061698042,0.0027010466194142546,0.00432618100819046,0.13693292279636113,-0.016759550629040342,0.003706976467560934,0.6313931941986084
-2.672465094987416,-1.3980315861753354,0.3784237430380699,0.10986495765621385,-0.006504358592162815,-0.00014776210402518095,0.002556599970706031,0.004083263863455458,0.162672879803338,0.00379613419721591,0.003706976467560934,0.6417033672332764
-2.6779583428702267,-1.3980315861753354,0.3784237430380699,0.10986495765621385,-0.007419385601430043,-0.000849427537832409,0.0024115986344664785,0.0038470969370586077,0.18554493000161273,0.021331865869236688,0.003706976467560934,0.6514143943786621
-2.6779583428702267,-1.3980315861753354,0.3540093080033557,0.15869382772564222,-0.008088831347819726,-0.001586577532626535,0.002256540316922815,0.003675129097349387,0.2022771972034162,0.03975631654309711,0.003706976467560934,0.6614823341369629
-2.6779583428702267,-1.3980315861753354,0.32959487296864154,0.1831082627603564,-0.008473534462950313,-0.0024212950696149353,0.0021133178812660996,0.003534586195331497,0.21189119452078947,0.060620741395256666,0.003706976467560934,0.6714179515838623
-2.6779583428702267,-1.3980315861753354,0.30518043793392735,0.2075226977950706,-0.008612909239741798,-0.00326353878244239,0.0019947820432183096,0.003346821512829867,0.2153726005446254,0.0816721400988805,0.003706976467560934,0.6817309856414795
-2.6834515907530374,-1.3980315861753354,0.256351567864499,0.2319371328297848,-0.008470709939995909,-0.004107595154930865,0.0018804141635233131,0.0031028641159369795,0.2118147588539858,0.10276745047617006,0.003706976467560934,0.6913883686065674
-2.6834515907530374,-1.4090180819409568,0.2319371328297848,0.256351567864499,-0.008088825996092822,-0.004948498369381109,0.001744556695625442,0.002871294893387312,0.20226426381971116,0.12378424160686241,0.003706976467560934,0.7014572620391846
-2.6779583428702267,-1.4090180819409568,0.15869382772564222,0.256351567864499,-0.007433034666112265,-0.005710754775500848,0.0015940350794259842,0.002690158110478264,0.18586571752979225,0.14283612334028314,0.003706976467560934,0.7113940715789795
-2.6779583428702267,-1.4090180819409568,0.06103608758678547,0.28076600289921316,-0.0063330118385154285,-0.006401687464862404,0.0014554172613593435,0.0025121594560121945,0.15836168139441972,0.16010499060796038,0.003706976467560934,0.7214124202728271
-2.6779583428702267,-1.4090180819409568,-0.012207217517357094,0.30518043793392735,-0.004859616058626472,-0.007099245777444874,0.001332684605119495,0.0022846308754464134,0.1215237185807898,0.177538260208008,0.003706976467560934,0.7314026355743408
-2.6779583428702267,-1.4090180819409568,-0.08545052262149966,0.32959487296864154,-0.003146736311015244,-0.007798614440163422,0.0012041507555287528,0.00202807412989416,0.07869851154426932,0.19501606285733292,0.003706976467560934,0.7414865493774414
-2.6449988555733626,-1.4090180819409568,-0.10986495765621385,0.32959487296864154,-0.0013813313869469807,-0.008424336864689361,0.0010544278829061535,0.0018039157882452736,0.034559645370747176,0.21065351951194014,0.003706976467560934,0.7515280246734619
-2.6449988555733626,-1.4145113298237675,-0.13427939269092803,0.32959487296864154,0.0002766575868144278,-0.008912405701246535,0.000899755107809382,0.0016293740864436889,-0.006893945792665461,0.2228508768833245,0.003706976467560934,0.7613523006439209
-2.6285191119249305,-1.4145113298237675,-0.10986495765621385,0.32959487296864154,0.0016912260638795632,-0.009280249575540864,0.0007644117405019597,0.0014688241137613034,-0.042261541303476535,0.23204295999136562,0.003706976467560934,0.7713172435760498
-2.6285191119249305,-1.4254978255893889,-0.08545052262149966,0.30518043793392735,0.002747535208339628,-0.009472111304813399,0.0006528628587124896,0.001305820644879654,-0.06867205863702287,0.23683542813645692,0.003706976467560934,0.781327486038208
-2.6285191119249305,-1.4254978255893889,-0.06103608758678547,0.256351567864499,0.003492039274287423,-0.0093699976727718,0.0005561681261066971,0.001175089301258296,-0.0872870776540329,0.23427931905182647,0.003706976467560934,0.7913076877593994
-2.6065461203936877,-1.4254978255893889,-0.06103608758678547,0.2319371328297848,0.00403742483037769,-0.009017322127165607,0.00047152190449551454,0.0011118230446383504,-0.10092383271182986,0.22546084875525615,0.00403742483037769,0.801358699798584
-2.584573128862445,-1.4254978255893889,-0.03662165255207128,0.1831082627603564,0.004409757828090156,-0.008452590652450614,0.00041181332035303557,0.001097240917351415,-0.11023365036924507,0.21134219733419912,0.004409757828090156,0.8113148212432861
-2.584573128862445,-1.4200045777065782,-0.012207217517357094,0.1831082627603564,0.004560958612790456,-0.007781182131929199,0.00038369125668557993,0.001080570273520887,-0.11401437303834427,0.19455656755506798,0.004560958612790456,0.821643590927124
-2.5735866330968236,-1.4090180819409568,0.06103608758678547,0.2075226977950706,0.004379866629118852,-0.007236241264060546,0.0003708615918725292,0.0010448878071889682,-0.10948739418817448,0.18093215379669333,0.004560958612790456,0.8312888145446777
-2.5735866330968236,-1.387045090409714,0.13427939269092803,0.1831082627603564,0.0037733630115622417,-0.006730997762371745,0.0003550780020547767,0.0010188440196063347,-0.09432519833900468,0.16830041515978375,0.004560958612790456,0.8413829803466797
-2.5735866330968236,-1.387045090409714,0.2075226977950706,0.1831082627603564,0.0028068513747937472,-0.006191121198895853,0.0003371456673699877,0.0010284470676015496,-0.07016285572815943,0.15480374114908635,0.004560958612790456,0.8513028621673584
-2.5790798809796343,-1.387045090409714,0.28076600289921316,0.15869382772564222,0.0015381874588365307,-0.005624641776649602,0.00033223273545838377,0.001060525058222787,-0.03844638065252681,0.1406425575426956,0.004560958612790456,0.861356258392334
-2.6120393682764984,-1.3815518425269033,0.2319371328297848,0.13427939269092803,0.00037489652165197037,-0.004967301786238112,0.00035130407973192547,0.0010761754788562075,-0.009363630439305961,0.1242094490429242,0.004560958612790456,0.8713281154632568
-2.6120393682764984,-1.3980315861753354,0.1831082627603564,0.10986495765621385,-0.00033555444983947465,-0.004235988216842068,0.0003828083639498446,0.0010626466965357653,0.008398431455085611,0.1059262715884651,0.004560958612790456,0.8813307285308838
-2.6504921034561733,-1.3980315861753354,0.03662165255207128,0.08545052262149966,-0.0003701816470976436,-0.003445503075353482,0.00040983633473223576,0.0010372332787883752,0.009264787085809396,0.08616350771580675,0.004560958612790456,0.8914337158203125
-2.6504921034561733,-1.4145113298237675,-0.10986495765621385,0.08545052262149966,0.000457757461480858,-0.0026801171517280616,0.0004270619060181109,0.0010019699598659774,-0.011433259989370998,0.06702797804219819,0.004560958612790456,0.9013712406158447
-2.6504921034561733,-1.4145113298237675,-0.256351567864499,0.06103608758678547,0.0020178629901941025,-0.0019404045697758586,0.0004380239240762798,0.0009320106722577198,-0.05043562415675065,0.048533414511202896,0.004560958612790456,0.9116415977478027
-2.694438086518659,-1.4145113298237675,-0.4028381780727841,0.03662165255207128,0.0041947324346868296,-0.0011554201287163294,0.00044473270054473353,0.0008105314636679743,-0.10485719254965713,0.02890576650449993,0.004560958612790456,0.9213507175445557
-2.7383840695811443,-1.4254978255893889,-0.5493247882810692,0.012207217517357094,0.006886399127239838,-0.00033607484450210015,0.0004397414228358204,0.0006572799431760908,-0.17214898464542505,0.008418303111131906,0.006886399127239838,0.9314310550689697
-2.7383840695811443,-1.4309910734721996,-0.6713969634546402,-0.06103608758678547,0.009931654712047825,0.0006507180712015848,0.00041966437798243787,0.000503868385925143,-0.24828087619174607,-0.01625535507039149,0.009931654712047825,0.9413518905639648
-2.7548638132295764,-1.4309910734721996,-0.7690547035934969,-0.13427939269092803,0.013119588319795206,0.001917689430637275,0.00039376938674358765,0.0003596460153434942,-0.3279798637602115,-0.047933244615548286,0.013119588319795206,0.9513094425201416
-2.7548638132295764,-1.4309910734721996,-0.8422980086976395,-0.2075226977950706,0.016269278851812535,0.003416987373952348,0.00037260803271025873,0.0002185829169078522,-0.4067226560944956,-0.085419219775886,0.016269278851812535,0.9613583087921143
-2.7548638132295764,-1.4309910734721996,-0.9399557488364962,-0.2319371328297848,0.019368982588552627,0.004963891028715455,0.00035551969555083735,8.300944747008787e-05,-0.48421567672142685,-0.12409520048169963,0.019368982588552627,0.9712982177734375
-2.7548638132295764,-1.4309910734721996,-1.0131990539406388,-0.28076600289921316,0.022408940167190014,0.006471668317100822,0.0003379384036120936,-3.54137987025599e-05,-0.56021505571966,-0.16179259327248813,0.022408940167190014,0.9820482730865479
